10.0 38
150.0 -35
240.0 -76
292.5 2
335.0 -13
257.5 -55
37.5 20
90.0 42
218.75 30
72.5 -38
85.0 70
312.5 -20
130.0 -62
15.0 60
200.0 -47
330.0 70
26.25 -12
160.0 -78
222.5 -63
100.0 -24
112.5 6
127.5 20
85.0 -34
190.0 23
277.5 -41
235.0 30
170.0 -15
185.0 -60
185.0 -18
195.0 40
307.5 43
310.0 12
75.0 -60
255.0 60
317.5 6
57.5 -30
37.5 -33
105.0 22
335.0 -47
257.5 27
50.0 -52
157.5 -20
40.0 -70
320.0 -58
336.25 43
157.5 15
81.25 -20
227.5 -14
155.0 33
225.0 -40
117.5 45
281.25 36
85.0 -77
312.5 -37
105.0 -3
187.5 -70
240.0 -50
315.0 -87
257.5 -5
80.0 3
287.5 -65
337.5 17
50.0 42
15.0 -48
82.5 -52
332.5 -32
5.0 10
115.0 -32
132.5 -28
57.5 -63
7.5 -35
247.5 -26
278.75 -10
233.75 10
270.0 -5
152.5 -1
295.0 18
285.0 -25
67.5 18
285.0 -52
235.0 -65
30.0 32
356.25 -68
165.0 58
235.0 78
142.5 -45
200.0 -2
115.0 -69
302.5 25
