0.14 -53.1 10.0
0.16 -66.68 9.2
1.13 42.12 9.7
1.15 42.09 9.7
1.17 34.27 9.7
1.23 58.53 9.3
1.24 45.67 9.4
2.1 29.09 2.0
2.52 46.39 9.1
3.14 44.71 9.8
3.56 -7.19 9.7
3.96 -5.6 9.8
4.09 43.6 9.8
5.35 67.0 9.9
5.47 -23.01 9.2
6.8 49.99 8.9
6.94 50.02 9.6
7.88 33.58 9.3
8.06 6.92 9.9
8.11 6.96 9.5
8.37 -55.33 9.9
8.41 -26.09 9.8
8.43 -35.0 8.5
8.63 73.17 10.0
9.21 60.51 9.4
9.72 -25.11 9.7
9.98 21.44 8.5
10.2 -7.23 10.0
10.31 39.53 10.0
10.44 -56.5 10.0
11.46 54.98 9.8
12.27 57.82 7.4
12.96 -8.16 9.9
13.17 -24.0 9.6
13.2 40.23 9.9
13.2 56.63 9.7
13.3 -24.78 9.2
13.44 52.69 9.5
14.18 60.72 2.2
14.41 -19.0 7.2
16.42 32.16 9.9
16.79 -1.73 8.6
17.06 54.93 9.9
17.09 -55.25 8.2
18.53 60.87 9.8
18.94 -68.88 7.7
19.7 37.39 9.6
19.98 56.6 9.6
20.09 -48.68 9.7
20.26 64.67 8.6
20.63 -19.08 8.6
21.03 72.85 9.7
21.14 39.02 9.8
21.33 -59.49 9.4
21.38 28.54 10.0
21.38 28.54 9.8
21.63 19.3 9.5
21.72 3.54 9.5
21.75 34.37 10.0
21.76 45.7 9.9
21.77 -30.24 9.6
22.02 -17.26 9.4
22.77 43.62 9.1
23.2 35.84 9.4
23.31 60.68 9.9
23.84 56.03 10.0
24.23 7.85 9.6
24.36 58.64 9.0
24.43 -57.24 0.5
24.92 -37.47 8.9
25.58 58.62 9.8
26.41 -25.05 8.5
26.53 8.58 9.9
26.94 63.84 9.9
27.83 64.86 9.1
28.01 10.81 8.0
28.01 10.81 8.2
28.18 57.29 10.0
28.3 37.32 8.1
28.38 19.29 3.9
28.66 20.81 2.6
28.74 40.72 9.8
28.78 28.8 9.3
28.91 37.27 9.8
29.29 17.8 9.2
29.53 41.39 9.7
29.56 59.62 9.7
30.05 44.45 10.0
30.44 -5.24 9.7
30.79 73.85 9.1
30.98 42.33 5.0
31.79 23.46 2.0
32.32 25.94 8.0
33.0 -32.29 10.0
33.09 30.3 6.7
33.19 -2.4 7.7
34.39 44.3 8.7
34.56 57.49 9.6
34.79 57.02 9.8
36.5 -15.34 9.1
37.27 67.4 9.0
37.4 9.57 9.8
37.7 55.55 9.7
38.46 -28.23 7.7
38.53 -5.63 8.0
39.75 14.86 9.6
39.8 10.67 9.5
40.19 61.28 9.9
40.31 -0.69 9.7
40.94 -27.9 9.2
41.05 49.23 4.1
41.08 -52.58 10.0
41.15 29.46 8.1
42.16 -37.4 8.1
42.32 17.46 7.9
42.56 -35.84 10.0
43.17 6.47 7.8
43.8 27.71 9.9
44.53 69.19 9.8
45.13 18.01 9.8
45.76 -2.09 10.0
46.38 44.43 9.9
46.53 79.42 9.2
47.04 40.96 2.1
47.19 35.46 9.7
48.02 -28.99 7.2
48.11 -44.42 8.8
48.81 -64.45 9.0
49.23 60.08 9.7
49.3 40.48 7.7
49.53 -62.51 8.4
49.67 -18.56 8.2
50.09 23.69 9.9
50.91 4.88 9.9
51.08 49.86 1.9
51.12 33.53 9.2
51.47 -35.94 9.9
51.83 43.73 9.9
52.31 45.05 8.3
52.41 84.05 9.8
52.55 59.37 7.9
53.05 11.54 9.9
53.07 48.14 9.9
53.18 48.14 9.7
53.28 47.93 10.0
53.34 47.92 9.8
53.49 48.16 9.6
53.64 -31.88 9.9
54.2 0.59 8.9
54.63 49.22 9.6
55.12 5.13 9.6
56.03 -40.66 9.3
56.14 -54.27 9.3
56.22 24.11 3.7
56.39 24.46 8.9
56.42 24.63 10.0
56.42 24.29 9.9
56.6 32.26 9.7
56.66 24.1 9.7
56.79 23.78 9.8
56.97 33.6 9.4
57.03 24.14 9.8
57.07 11.14 9.8
57.19 23.53 9.7
57.36 52.65 9.9
57.44 24.25 9.8
57.49 23.95 9.9
58.47 57.98 10.0
58.73 57.74 10.0
58.86 17.63 10.0
59.32 41.88 9.9
59.46 40.01 8.9
60.22 23.19 9.5
60.24 23.2 7.8
60.56 28.13 9.6
61.47 10.97 9.6
61.92 62.33 9.8
61.92 15.16 8.8
61.93 62.33 9.6
61.93 62.3 9.6
61.97 62.35 9.9
62.0 17.34 9.7
62.17 47.71 4.0
62.29 40.16 9.6
62.97 -8.83 9.8
63.6 -10.26 8.5
63.78 -30.07 9.7
63.79 44.78 9.3
64.36 57.2 9.8
64.36 20.56 9.6
64.42 -63.25 7.7
64.53 61.91 9.7
64.76 -33.91 8.7
64.84 -44.28 8.6
64.94 23.74 9.9
65.21 -7.55 9.2
65.29 47.49 9.3
65.65 25.63 8.5
65.76 59.62 9.3
65.81 -5.01 9.6
66.03 62.02 9.9
66.16 33.96 9.2
66.37 17.93 8.4
66.46 -1.36 10.0
66.48 1.2 9.9
66.65 8.6 9.6
67.0 -11.99 9.9
67.23 -25.19 9.5
67.86 -13.64 9.3
68.41 -62.83 9.3
68.48 -6.74 9.3
68.55 -8.12 10.0
68.69 22.69 10.0
68.98 16.51 1.2
69.22 -14.93 9.9
69.62 26.94 7.4
70.23 0.96 9.3
70.46 -47.83 9.6
72.09 29.24 9.8
72.55 5.71 9.8
72.99 8.85 10.0
73.4 -72.41 9.9
73.77 61.06 10.0
74.07 52.1 9.5
74.12 -5.17 8.9
74.76 14.54 9.6
74.81 37.89 8.2
74.88 -49.46 9.1
74.9 43.74 9.7
74.97 27.32 8.7
75.08 39.39 9.5
75.17 -13.5 8.8
75.49 43.82 3.0
75.76 -8.66 8.5
76.11 -35.71 9.6
76.12 32.32 9.6
76.63 41.23 3.2
76.71 51.61 10.0
76.88 9.48 9.9
76.95 21.69 9.4
77.09 -8.66 9.0
77.1 -2.85 10.0
77.22 -4.48 9.9
77.44 28.03 9.1
77.44 28.03 9.7
77.46 52.3 9.9
77.49 75.69 9.7
77.5 10.89 9.8
77.74 -48.51 9.3
78.32 2.86 8.5
78.58 69.82 9.1
78.63 -8.2 0.3
78.65 5.13 9.1
78.65 76.47 9.5
78.67 -7.07 8.8
78.71 53.23 9.5
79.0 34.3 9.4
79.17 46.0 0.2
79.32 21.79 9.9
79.38 20.13 9.7
79.41 4.68 9.4
79.54 37.65 9.7
79.81 20.13 9.7
79.83 33.97 9.8
79.84 -18.48 9.6
80.11 -21.24 8.4
80.16 46.96 9.2
80.44 -24.77 6.6
80.59 40.97 9.6
80.83 -8.42 8.1
81.08 17.38 8.8
81.13 1.86 9.5
81.28 6.35 1.6
81.56 16.7 9.4
81.57 28.61 1.7
81.58 30.34 9.9
81.7 6.89 9.6
81.71 3.1 8.6
81.9 34.51 9.7
82.03 34.4 9.9
82.32 25.15 6.7
82.39 3.14 9.1
82.57 63.06 9.3
82.87 54.65 9.7
83.0 -0.3 2.4
83.0 -0.3 3.8
83.21 -1.6 9.8
83.62 -4.56 9.7
83.62 -0.71 9.9
83.64 -5.69 9.4
83.73 -4.34 9.8
83.75 -4.53 9.7
83.75 9.47 9.8
83.76 9.93 9.6
83.77 -5.98 9.0
83.79 9.94 5.5
83.81 10.24 9.7
83.81 -4.86 9.8
83.82 -5.39 7.5
83.83 24.05 9.8
83.83 -4.68 9.7
83.86 -5.85 9.9
83.88 -4.36 8.4
83.88 -5.42 8.5
84.05 -5.06 9.6
84.05 -1.2 1.7
84.15 -6.06 9.2
84.23 -47.96 9.7
84.28 41.83 8.6
84.31 64.16 9.8
84.54 -46.1 9.4
84.65 30.49 8.4
84.68 -69.1 9.8
84.69 -2.6 6.6
84.84 -17.87 9.6
84.84 -17.87 8.9
84.97 19.39 9.9
85.08 15.35 8.4
85.19 -1.94 1.9
85.19 -1.94 3.7
85.38 53.49 9.8
85.51 71.64 9.9
86.09 27.73 9.8
86.11 40.41 9.9
86.14 -7.74 9.8
86.37 53.33 10.0
86.51 -4.27 9.0
86.6 -53.23 10.0
86.67 15.83 9.7
86.94 -9.67 2.0
86.96 25.63 9.8
87.04 -8.39 9.5
87.12 4.71 9.8
87.25 24.57 9.1
87.48 31.79 8.2
87.75 -35.8 9.8
87.76 65.75 8.2
88.27 20.31 9.5
88.55 11.73 9.9
88.73 5.86 9.3
88.79 7.41 0.8
88.81 76.87 8.9
89.36 0.03 9.9
89.65 -44.06 9.4
89.88 44.95 1.9
90.08 -31.03 8.6
90.08 -31.03 8.7
90.38 3.18 9.8
91.01 -6.75 10.0
91.03 -15.68 10.0
91.13 51.58 9.3
91.16 -1.59 9.5
91.17 -45.08 9.0
91.33 20.45 9.6
91.37 -35.53 8.2
91.61 10.75 9.0
92.11 -11.15 9.3
92.27 2.49 9.7
92.53 -29.84 9.8
92.87 57.03 9.8
93.37 -3.61 9.6
93.41 10.64 10.0
93.45 -44.75 9.8
93.74 -8.82 9.7
93.89 5.13 9.9
94.17 12.27 9.0
94.22 1.68 10.0
94.24 69.47 9.9
94.57 -5.65 9.6
94.69 -15.0 9.9
94.91 -17.51 9.9
94.99 28.43 9.6
95.03 -2.95 9.8
95.12 7.68 9.7
95.67 -17.96 1.9
95.94 4.6 6.6
95.99 -52.7 -0.6
96.0 -36.71 9.8
96.04 4.29 10.0
96.05 -16.27 9.7
96.41 -35.04 8.2
96.57 -4.54 9.5
96.58 20.18 9.9
96.68 0.77 10.0
96.68 -7.51 9.2
97.03 -4.75 9.3
97.2 -7.03 4.6
97.21 -7.03 5.3
97.45 -50.24 9.1
97.45 -50.24 9.2
97.76 4.84 10.0
97.79 11.26 9.1
97.84 -32.89 9.6
97.85 -12.57 9.8
97.85 -12.56 9.9
97.92 5.77 8.6
97.93 -12.51 9.9
97.97 4.93 9.4
97.99 -58.75 9.4
98.1 11.67 9.9
98.6 38.07 9.8
98.97 -48.28 9.9
99.0 -35.17 9.8
99.17 -22.61 9.3
99.43 16.4 2.0
99.45 -32.35 9.7
99.47 -18.24 8.6
99.59 16.41 9.5
99.6 -23.54 9.8
99.65 -48.22 7.4
100.25 9.87 9.8
100.31 -40.35 9.4
100.38 9.83 9.9
100.5 -16.01 9.0
100.61 -23.23 9.6
100.7 -22.45 8.3
101.02 25.13 9.6
101.08 40.62 9.7
101.09 20.71 9.8
101.15 -31.06 9.9
101.22 59.45 9.1
101.26 -30.59 9.8
101.29 -16.71 -1.1
101.29 30.83 9.4
101.38 -30.95 8.2
101.54 -20.72 10.0
101.68 8.58 9.8
101.69 43.58 8.6
101.89 -76.85 9.9
101.99 -11.11 9.8
102.15 -4.08 8.7
102.2 -16.21 9.9
102.28 -26.06 9.8
102.75 1.86 9.7
103.05 -5.61 9.8
103.29 -37.03 9.9
103.5 -77.78 9.8
103.66 13.18 7.8
103.76 -20.42 9.2
103.76 -2.81 9.6
103.77 -20.41 8.7
104.03 -14.04 7.1
104.15 46.54 9.6
104.26 24.96 9.2
104.28 -19.41 9.9
104.57 -35.42 9.7
104.62 -11.43 9.7
104.66 -28.97 1.5
104.78 -47.02 9.9
105.2 -25.64 9.9
105.38 -5.82 9.6
105.43 -40.96 9.8
105.77 38.14 9.5
105.78 54.18 9.3
105.86 19.22 9.6
105.88 10.93 8.8
106.16 -11.53 9.5
106.24 -21.96 9.9
106.37 -34.77 9.7
106.45 -10.66 9.6
106.6 -37.71 9.6
107.5 -16.2 9.8
108.03 -27.3 9.6
108.05 5.45 9.7
108.07 -40.5 9.5
108.31 -30.97 10.0
108.43 -8.92 9.5
108.45 -22.91 9.1
108.64 -10.29 9.2
108.65 -31.49 10.0
108.7 -15.47 9.9
108.89 -1.86 8.9
109.06 -46.75 9.9
109.15 -46.24 10.0
109.27 -37.11 7.9
109.27 -12.04 9.5
109.44 16.51 9.5
109.51 -28.65 9.8
109.63 -36.77 9.2
109.66 -24.96 9.7
109.66 -24.97 9.6
109.67 -24.97 10.0
109.67 -24.97 9.5
109.68 -24.97 9.8
109.74 -19.29 9.7
109.96 13.37 9.8
110.15 -52.2 9.1
110.44 -5.91 9.9
110.53 0.19 10.0
110.86 -12.67 9.9
110.95 10.71 9.5
111.01 -31.96 9.5
111.02 -29.3 2.5
111.03 -31.77 9.8
111.17 -31.85 9.6
111.18 -31.81 9.8
111.42 -5.85 9.2
111.42 -5.76 9.8
111.51 14.1 9.4
111.51 -18.36 9.6
111.66 -0.47 9.8
111.67 -34.16 9.5
111.78 -17.86 9.5
111.94 21.45 9.3
112.21 48.18 9.9
112.61 13.87 9.2
112.64 5.25 8.6
112.96 -20.93 9.9
113.38 -14.34 10.0
113.4 -33.37 9.7
113.65 31.89 1.9
113.65 31.89 3.0
113.66 31.87 9.8
113.91 -14.6 9.9
114.0 -14.47 9.8
114.06 -23.84 10.0
114.09 -14.5 8.7
114.11 -14.49 9.4
114.13 -14.49 9.9
114.17 -14.49 9.5
114.22 -14.41 9.7
114.63 33.71 9.4
114.66 -36.5 9.9
114.82 -49.05 9.8
114.83 5.23 0.5
114.84 -16.68 9.8
114.94 5.57 9.8
115.09 -30.1 9.9
115.1 -30.11 10.0
115.23 23.0 9.9
115.24 4.1 9.9
115.4 -58.67 9.9
115.48 -38.56 9.6
115.53 -30.2 9.3
115.57 -58.58 9.8
115.8 38.61 10.0
115.93 28.21 10.0
115.96 -37.97 9.9
116.15 -17.29 9.8
116.23 -38.0 9.9
116.33 28.03 1.3
116.75 64.05 8.5
116.75 64.05 9.7
117.07 -24.57 10.0
117.09 18.34 8.6
117.41 -55.08 9.1
117.66 -44.56 9.8
117.69 -0.05 10.0
117.75 -24.53 9.8
118.03 36.16 10.0
118.05 -59.61 9.6
118.06 -34.71 8.6
118.51 -18.33 10.0
118.54 -34.02 10.0
119.05 -44.14 9.6
119.4 -60.29 9.7
119.43 -60.63 9.6
119.56 -60.73 9.7
119.61 2.23 9.4
119.66 -60.66 9.7
119.71 -60.64 9.4
119.71 -60.64 9.6
119.72 -60.6 9.8
119.85 -60.2 9.6
119.93 -60.67 9.7
119.94 -47.3 9.4
120.08 -48.92 9.4
120.25 23.58 9.8
120.49 -27.22 9.9
120.52 -27.25 9.9
120.68 -41.3 9.0
120.78 -32.47 9.0
120.9 -40.0 2.2
121.14 -25.7 9.1
121.21 -54.99 9.5
121.35 5.83 8.8
121.4 27.53 7.4
121.44 -33.57 8.4
121.69 -27.13 9.8
121.98 -68.62 7.3
121.99 -31.45 9.8
122.04 -22.13 8.5
122.13 -2.99 9.7
122.26 13.68 9.4
122.38 -47.34 1.8
122.51 -41.16 9.7
122.53 -49.24 9.9
122.54 -49.01 10.0
122.8 -12.93 9.4
122.85 -42.98 9.8
123.22 9.58 9.5
123.51 17.73 8.9
123.59 -45.84 8.7
123.82 -62.92 7.6
123.87 -37.37 9.3
123.96 2.8 9.4
124.47 -47.07 9.9
124.49 -59.18 9.8
124.5 -59.18 9.9
124.57 -35.48 9.8
125.11 -22.9 9.3
125.21 72.41 9.7
125.36 -36.45 8.6
125.43 -17.61 10.0
125.63 -59.51 2.2
125.63 -59.51 4.1
125.66 -31.62 10.0
125.92 -30.43 10.0
126.12 -40.74 9.7
126.28 -24.05 8.4
126.37 -51.73 9.6
126.45 -0.41 9.9
126.61 -30.38 10.0
126.91 -20.85 9.8
127.0 -35.12 9.7
127.02 -41.24 9.6
127.19 -42.58 9.3
127.27 -47.93 7.2
127.27 -47.92 9.2
127.36 -44.72 7.0
127.69 -41.52 9.6
127.77 -39.02 9.7
127.8 -39.11 9.6
127.82 -38.97 10.0
127.85 -39.06 8.2
127.86 -39.07 9.1
128.07 -50.97 9.7
128.12 -15.02 10.0
128.63 -37.63 10.0
128.91 -26.79 10.0
129.17 34.72 9.3
129.2 74.72 9.9
129.29 -49.43 9.7
129.59 -12.67 9.8
129.63 19.47 10.0
129.67 -19.74 9.2
129.75 -53.02 9.7
129.93 -52.96 9.4
129.94 -29.55 9.6
129.96 -59.54 9.8
130.0 19.67 10.0
130.02 19.73 9.9
130.05 19.64 9.9
130.06 10.91 9.9
130.07 -32.17 9.4
130.08 -40.26 9.1
130.11 19.48 9.9
130.17 -12.17 8.1
130.18 -57.55 8.3
130.19 19.31 9.6
130.2 -48.21 9.6
130.36 19.54 9.9
130.42 -48.11 9.8
130.55 -53.1 9.9
130.6 -48.2 10.0
130.64 -53.03 9.9
130.7 -48.23 9.8
130.9 -7.22 8.2
131.18 -54.71 2.0
131.18 -54.71 5.6
131.54 -47.4 9.8
131.63 -56.88 10.0
131.69 6.42 6.7
131.78 -56.8 9.7
131.8 -42.54 9.6
132.05 2.58 9.4
132.09 -6.53 10.0
132.25 38.35 9.3
132.48 -40.38 9.1
132.68 35.07 7.8
132.7 -54.11 9.9
133.1 -55.34 9.8
133.17 -52.13 8.2
133.32 -56.52 9.5
133.39 -3.92 9.8
133.73 -7.82 9.8
133.98 -23.83 9.9
134.21 -17.43 7.2
134.28 -43.24 9.9
134.33 5.82 9.9
134.75 63.43 9.6
134.86 32.43 9.0
134.93 -51.48 9.9
135.0 -49.56 9.7
135.35 32.25 8.6
136.13 -56.34 8.8
136.2 -57.85 9.6
136.29 39.54 9.8
136.97 -7.14 9.9
137.18 -8.59 9.7
137.2 -26.79 10.0
137.6 67.14 8.8
138.3 -69.72 1.7
138.5 -55.59 9.7
138.81 -58.4 10.0
139.0 -57.57 9.8
139.09 -44.98 9.9
139.35 -74.89 9.6
139.69 -10.41 9.8
140.53 -55.01 2.4
140.63 49.55 9.0
141.36 -61.95 9.5
142.09 -9.99 9.9
142.14 -62.3 9.9
142.57 -58.41 9.8
142.7 33.64 9.7
142.75 -57.08 9.9
142.88 1.46 8.0
142.89 -56.98 10.0
143.0 9.72 9.3
143.24 -42.78 9.7
143.27 -39.14 9.2
143.29 -36.4 9.8
143.41 -59.44 10.0
143.45 36.57 9.9
143.91 -19.58 9.4
143.98 14.38 9.4
144.01 -27.52 9.7
144.39 -36.07 9.8
144.67 43.2 9.6
144.8 -17.63 9.8
144.96 -59.27 9.8
144.96 -59.27 9.9
145.01 -17.16 9.7
145.37 -18.48 9.6
145.83 -60.03 9.8
146.27 -38.59 9.9
146.35 -54.25 9.4
146.54 -45.92 9.6
146.71 45.07 9.9
146.76 -52.04 9.7
146.78 -65.07 6.0
147.27 -63.02 10.0
147.51 -45.72 9.3
147.94 -11.35 9.8
148.57 -45.28 8.2
148.77 -69.19 8.9
149.38 -7.51 9.5
150.32 -22.76 10.0
150.71 7.71 9.9
150.73 68.79 9.8
151.28 -45.9 9.5
151.67 -23.14 9.8
152.09 11.97 1.4
152.44 -58.16 9.9
152.68 -67.89 9.8
152.84 73.04 10.0
152.94 -58.84 9.5
153.24 -65.17 9.9
153.44 -40.32 9.3
153.52 -39.14 9.9
154.1 23.3 9.7
154.52 27.53 9.1
154.53 -40.24 9.8
154.75 -64.65 9.7
154.99 19.84 2.4
154.99 19.84 3.6
155.05 -33.13 9.8
155.13 6.43 9.4
155.14 -23.64 9.7
155.22 -56.05 9.2
155.58 -58.28 9.6
156.4 8.78 9.1
156.56 -63.26 9.8
156.79 -65.7 9.9
156.89 -57.66 9.8
156.9 -57.64 9.6
157.24 14.36 9.8
157.39 -30.61 9.8
158.24 -47.01 8.5
158.39 -46.98 9.8
158.45 23.35 8.9
158.58 -78.12 10.0
158.6 21.59 9.5
158.74 -64.13 9.7
158.77 -57.68 9.9
158.95 -58.21 9.2
159.18 -59.18 9.8
159.25 -8.84 9.9
159.46 -59.12 9.9
159.85 -67.16 9.8
159.86 -46.7 9.8
160.09 -47.17 9.8
160.4 -59.66 9.8
160.66 -64.19 9.8
160.81 -64.28 9.7
160.82 -64.18 9.7
160.82 -64.19 9.7
160.93 -59.8 10.0
161.1 -59.99 9.9
161.16 68.78 8.5
161.37 -64.23 9.5
161.62 -64.33 9.8
161.62 -64.13 10.0
161.81 -60.1 9.6
161.87 -64.38 9.9
162.0 -64.53 10.0
163.04 52.54 10.0
163.09 -51.79 9.8
163.35 -2.26 8.7
163.65 -38.75 8.5
163.91 24.75 6.3
163.93 0.74 9.1
164.25 -75.11 9.9
164.34 -69.04 8.7
164.56 -31.56 9.6
164.81 -33.74 9.5
165.46 56.38 2.3
165.55 -42.5 9.9
165.93 61.75 4.9
165.93 61.75 2.0
166.01 -54.18 9.8
166.29 -59.82 10.0
166.73 1.96 9.7
166.91 -58.79 10.0
166.96 -58.95 9.9
167.0 52.82 9.0
167.14 -58.93 10.0
167.84 -71.46 9.5
168.02 -71.22 9.6
168.42 41.09 8.4
168.84 27.57 8.1
169.14 -3.64 9.8
169.36 -59.21 9.6
169.75 -2.33 9.8
170.36 -20.45 10.0
171.17 -61.65 8.8
171.25 -59.65 10.0
171.97 -0.92 10.0
171.98 44.57 9.7
172.41 -24.46 8.6
172.67 47.91 9.5
172.71 -6.72 9.9
172.94 14.37 9.1
173.22 -43.7 10.0
173.54 11.02 9.4
173.66 16.79 9.8
173.68 16.8 7.3
173.9 -61.58 9.7
174.05 -61.55 10.0
174.09 -61.07 10.0
174.12 -61.16 9.9
174.14 -33.57 7.8
174.26 -61.25 9.4
174.44 -63.33 10.0
174.6 -2.44 9.4
174.84 -63.28 10.0
174.95 -50.5 9.9
175.26 -62.5 9.7
175.38 31.76 9.8
175.45 -32.49 8.3
175.58 41.63 9.6
175.67 -62.57 9.6
175.8 -39.43 9.8
175.8 -39.43 9.8
175.95 -62.51 9.5
176.21 -55.46 9.7
176.39 -47.23 9.7
177.27 14.57 2.1
177.77 33.38 9.3
177.82 -61.83 9.7
177.95 -64.6 9.0
178.77 46.48 8.3
179.57 -39.63 9.8
179.95 -78.2 9.0
180.08 -61.37 9.8
180.21 -78.17 9.9
180.43 -73.29 10.0
180.64 -85.64 9.0
181.07 21.46 7.5
181.48 -49.85 9.7
181.52 -32.96 8.8
181.78 69.07 9.9
182.51 -34.7 8.0
182.65 -60.98 10.0
182.81 -52.22 9.7
182.84 -16.79 8.8
182.96 -64.53 9.8
183.61 8.79 9.7
183.89 -59.18 9.9
184.03 40.66 8.7
185.06 37.9 10.0
185.63 25.83 8.9
185.63 5.31 9.3
185.96 -63.99 10.0
186.26 -65.2 9.7
186.65 -63.1 1.2
186.65 -63.1 1.5
186.83 -58.31 9.7
186.89 -63.8 9.9
187.07 -61.81 9.5
187.52 -13.39 9.6
187.61 -60.97 10.0
187.64 3.51 9.8
187.76 -19.59 9.9
187.79 -57.11 1.8
187.87 -57.1 9.4
188.01 74.81 9.4
189.7 -4.38 10.0
191.31 -62.22 9.9
191.38 -61.0 9.7
191.38 -71.72 9.8
191.6 -56.5 8.9
191.93 -59.69 1.3
192.26 -65.59 9.7
192.84 -10.33 9.7
192.97 -48.08 9.8
193.39 -60.41 9.3
193.4 -60.4 9.5
193.41 -60.4 8.9
193.45 -60.37 9.2
193.51 55.96 1.8
193.91 -85.11 10.0
194.0 38.31 5.5
194.06 -4.87 9.0
194.07 54.1 7.8
194.83 -70.63 9.9
195.07 -48.6 9.2
195.26 -33.62 8.2
195.63 15.55 9.9
195.74 -14.6 9.6
196.26 -46.56 9.5
196.91 -59.81 9.8
197.03 -65.31 7.5
197.42 38.53 9.5
197.49 -5.54 4.4
198.24 -59.82 9.4
198.25 -59.79 10.0
198.28 -59.8 9.8
198.71 -38.67 9.7
199.03 -57.06 10.0
199.19 -41.28 9.7
199.21 17.02 9.5
199.47 -68.51 9.2
199.53 -18.33 9.8
199.59 -57.29 9.8
199.67 -51.3 9.6
199.71 3.69 9.6
200.53 -43.05 10.0
200.98 54.93 2.2
200.98 54.92 3.9
201.3 -11.16 1.0
201.57 -48.76 9.8
201.85 -62.65 9.7
202.26 56.23 9.8
202.84 -42.47 9.2
203.09 36.82 8.1
203.2 24.35 9.9
203.33 -77.57 9.2
203.64 33.14 9.7
203.66 37.18 9.6
204.37 -18.88 9.9
204.45 -35.06 9.6
204.53 -58.41 9.8
204.97 -53.47 2.2
205.13 76.85 9.2
205.17 19.95 9.6
205.44 -54.56 6.5
205.92 -42.07 9.2
205.94 -40.18 9.7
206.73 38.53 8.9
206.79 -62.59 9.6
206.79 -62.59 9.9
206.87 -50.32 8.8
206.89 49.31 1.8
206.91 -50.26 9.8
207.02 -41.65 9.8
207.27 26.98 7.4
207.36 -44.21 9.6
207.61 5.49 9.7
207.96 -32.99 6.0
208.01 -52.81 7.5
208.03 -31.62 9.4
208.3 -31.93 8.5
208.33 28.64 9.6
208.7 18.4 10.0
208.74 -8.06 7.3
208.76 78.4 9.7
208.78 -55.05 9.9
208.78 -55.05 9.8
208.82 -32.1 9.8
208.89 -47.29 2.5
209.06 -38.66 9.8
209.26 -46.37 9.7
209.63 -65.8 9.5
209.73 53.11 9.8
210.96 -60.37 4.0
210.96 -60.37 0.6
211.02 -41.8 10.0
211.11 -14.94 9.8
211.54 -41.17 8.5
212.02 -12.93 9.0
212.07 21.19 9.3
212.1 -63.19 9.6
212.42 -51.52 8.9
213.37 51.79 6.6
213.66 -65.7 9.8
213.8 46.97 9.7
213.92 19.19 3.5
213.92 19.19 0.2
214.04 56.71 9.6
214.14 20.12 8.4
214.88 -13.71 8.3
215.04 -43.06 7.9
215.66 -48.32 9.5
215.84 8.44 6.8
216.37 -19.97 8.4
216.48 -22.12 9.7
216.87 -66.55 9.8
217.35 -76.72 10.0
218.29 -30.71 9.9
218.71 -39.56 8.1
218.88 -42.16 2.3
219.29 -37.53 8.6
219.88 -68.2 10.0
219.91 -60.84 1.2
219.92 -60.84 0.1
220.18 16.42 5.8
220.48 -47.39 2.3
220.51 61.26 9.2
220.73 8.08 10.0
221.01 61.1 9.2
221.12 16.77 9.6
221.37 -62.84 9.6
221.5 -25.44 7.2
221.77 0.97 8.8
222.0 -66.3 9.7
222.13 -35.84 9.4
222.2 -66.58 8.6
222.39 51.37 9.6
222.76 9.72 9.7
222.85 19.1 6.9
222.86 44.61 9.8
223.34 -45.86 9.5
224.36 -21.41 8.2
224.87 -30.71 9.3
225.17 47.27 9.6
225.31 -67.98 9.3
225.49 -51.92 10.0
225.79 35.23 9.8
225.82 -35.96 9.9
227.89 -45.28 9.7
227.97 -47.58 9.6
228.08 -64.54 9.9
228.24 -61.65 10.0
228.25 -44.54 9.9
228.47 -61.34 9.6
228.5 -26.19 10.0
228.66 -70.03 9.8
228.76 -27.79 9.9
228.84 -44.15 9.6
229.22 -8.28 9.8
229.25 -61.12 9.8
229.7 -60.47 9.9
229.84 -36.7 9.1
230.26 0.72 8.8
230.38 -38.22 9.3
231.37 -38.76 9.3
232.24 -28.86 9.6
232.49 25.51 9.2
232.59 -41.92 8.3
232.93 -20.16 8.9
233.18 -57.41 9.1
233.46 63.91 9.9
233.67 26.71 2.2
233.7 10.54 5.2
234.14 -66.33 9.4
234.2 14.95 9.4
234.56 36.25 9.9
234.78 -72.3 9.6
234.84 36.64 5.9
234.98 -56.94 9.9
235.1 -73.47 8.8
235.21 -19.88 9.5
235.75 -58.11 9.7
235.8 -25.42 9.3
236.02 -54.99 8.6
236.09 -41.82 7.9
236.91 55.38 9.6
237.69 -33.3 9.9
237.78 -55.05 9.1
237.79 52.91 8.9
238.3 -24.91 9.9
238.49 -64.14 9.9
238.69 -60.75 9.0
238.74 -60.74 10.0
238.85 -26.27 9.3
238.89 -60.18 8.4
238.98 -2.16 8.7
239.47 -14.32 10.0
239.5 -25.85 9.7
239.99 -54.05 9.5
240.44 8.76 10.0
240.5 -11.29 10.0
240.72 -25.01 9.4
240.85 -32.01 9.5
241.23 -37.85 10.0
241.9 -12.75 9.8
241.97 -26.31 9.9
242.05 -62.79 9.8
242.25 -62.92 9.6
242.33 -31.06 9.9
242.8 47.56 9.7
242.93 -54.6 9.5
242.96 -27.55 9.9
243.07 -28.42 8.1
243.19 26.67 9.2
243.45 28.73 9.6
244.71 -57.91 9.8
244.82 -64.57 9.5
244.95 -47.22 9.7
245.53 -49.59 10.0
245.62 -43.92 9.7
245.74 32.34 9.8
246.14 55.19 9.7
246.4 -23.45 5.7
246.71 -48.04 9.9
247.2 -8.13 9.7
247.35 -26.43 1.3
247.91 5.44 9.2
247.92 -41.83 9.8
247.95 45.59 8.7
248.29 24.56 10.0
248.3 30.91 9.7
248.6 -48.43 9.7
249.06 52.92 6.4
249.94 -56.99 7.8
250.13 -20.4 9.7
250.21 -60.45 9.2
250.36 -48.75 8.5
250.37 -48.8 9.1
250.61 21.59 9.2
250.84 25.14 10.0
251.27 28.36 9.2
251.44 1.04 9.9
251.45 35.63 9.4
252.31 45.98 8.8
252.94 -65.35 9.9
252.98 -73.73 9.8
253.41 -41.8 9.9
253.55 -41.83 9.9
253.65 -41.89 10.0
253.66 -40.76 9.7
253.69 -42.47 9.4
253.91 -45.1 8.3
253.97 -42.25 10.0
254.0 -40.71 9.9
254.22 -40.51 9.6
254.23 -40.51 9.5
255.28 -56.56 9.9
255.29 -4.21 9.7
255.97 19.69 9.9
256.04 -38.16 9.3
256.34 -33.77 9.2
256.94 -16.09 8.1
257.57 -75.38 9.1
257.92 49.75 9.3
258.09 10.57 9.5
258.33 -67.19 8.8
258.46 -62.71 9.9
258.66 14.39 5.4
259.03 60.71 10.0
259.17 60.65 9.9
259.41 -26.63 9.1
259.42 37.29 8.7
259.76 -46.64 8.9
260.05 -70.05 9.8
260.06 -70.08 9.6
260.21 -12.84 9.4
260.69 -58.47 9.3
260.73 -58.01 9.6
260.78 -61.73 9.7
260.88 -47.5 9.8
260.92 37.15 5.4
261.07 -62.83 9.9
261.12 36.96 9.9
261.14 15.61 9.3
261.56 29.46 9.5
261.71 -26.33 9.9
262.2 0.34 9.7
262.25 -43.98 8.5
262.52 -33.72 9.5
262.53 -33.7 9.4
262.83 -39.02 9.0
263.4 -37.1 1.6
263.61 -48.56 10.0
263.68 -11.25 9.9
263.73 12.56 2.1
263.75 61.88 8.8
264.0 21.0 9.5
264.33 -43.0 5.4
264.33 -43.0 1.9
265.05 -32.16 9.8
265.16 20.28 9.8
265.26 -32.29 9.7
265.27 24.52 9.3
265.49 15.95 9.8
265.54 -39.25 10.0
265.62 -39.03 2.4
266.49 39.32 10.0
266.74 -43.49 9.9
267.07 -31.38 9.9
267.24 4.96 9.7
267.36 34.61 9.9
267.5 41.96 10.0
267.56 25.29 8.9
267.61 -53.61 9.2
267.8 -30.56 8.1
267.81 -34.59 9.8
268.49 -35.15 9.6
268.51 -35.16 9.7
268.54 -34.8 9.3
268.64 -34.75 9.5
268.71 -34.84 9.6
268.76 -34.98 9.5
268.93 -35.03 9.8
269.48 2.23 9.8
269.49 -36.01 9.5
269.73 -22.53 9.9
269.76 2.04 9.0
269.77 -38.83 9.8
269.77 -30.25 7.0
269.81 -36.94 9.0
270.17 2.92 8.1
270.35 65.95 9.4
270.37 21.6 5.2
270.71 75.79 10.0
270.8 48.46 8.9
270.8 25.36 9.7
270.8 -31.2 9.8
270.83 -40.19 9.8
270.97 -22.82 9.7
271.07 -22.51 9.7
271.09 -22.49 9.7
271.36 2.5 6.2
271.58 -34.32 9.9
271.76 30.56 8.9
272.07 2.25 9.9
272.12 -45.77 9.5
272.23 -25.47 8.8
272.31 13.49 9.8
272.52 -30.73 8.0
272.87 -45.95 10.0
272.88 -41.41 9.6
273.03 6.85 9.8
273.14 -73.67 9.3
273.22 -63.62 8.6
273.43 -21.05 10.0
273.44 -18.81 9.8
273.45 -21.06 9.2
273.87 -48.85 9.8
273.91 -18.96 10.0
274.41 -34.11 9.5
274.47 -18.78 9.3
274.51 -12.24 9.6
275.02 -35.44 9.4
275.11 -15.83 9.8
275.16 22.8 10.0
275.17 3.39 9.4
275.25 -17.23 9.8
275.26 -19.66 9.6
275.98 58.8 8.1
276.04 -34.38 1.8
276.45 -34.25 9.9
276.58 15.72 9.8
276.69 26.46 9.6
276.8 0.2 7.6
276.95 -29.8 9.5
276.98 -33.32 8.9
277.24 -25.04 8.5
277.71 -41.9 9.6
277.74 -48.01 9.7
277.77 -32.99 9.8
277.85 -10.8 9.3
277.86 6.46 9.4
277.88 -18.86 9.8
278.31 -45.79 9.9
278.4 -24.05 10.0
278.47 52.35 8.7
278.56 -66.28 9.1
278.9 4.95 9.6
279.23 38.78 0.1
279.31 7.53 10.0
279.49 -0.39 9.8
279.6 63.54 9.8
279.61 36.05 8.7
279.75 -21.04 9.9
280.1 -13.41 9.8
281.46 -10.49 8.4
281.8 31.41 9.1
282.15 -65.11 9.7
282.16 -6.0 9.6
282.24 21.17 9.3
282.69 10.98 7.8
282.75 -41.06 9.2
282.79 59.4 8.3
283.08 14.54 9.6
283.45 37.02 9.9
283.65 -22.73 9.6
283.82 -26.3 2.0
283.9 -16.38 9.7
284.33 62.39 9.6
284.6 -34.21 10.0
284.61 36.43 10.0
284.62 -31.05 9.8
284.69 40.68 9.6
284.77 13.62 9.3
285.33 20.83 9.3
285.53 52.26 9.5
285.67 31.4 9.8
285.68 -36.1 9.0
285.77 -19.25 9.0
286.06 -22.9 9.2
286.25 -7.15 9.9
286.29 23.43 9.8
286.65 -1.34 9.6
286.72 -16.23 8.4
286.72 22.17 9.4
286.78 22.58 9.5
287.09 55.33 9.7
287.18 34.76 8.4
287.33 -36.18 9.8
287.66 -60.05 9.1
288.18 47.77 9.9
288.97 27.46 9.8
289.11 14.55 9.3
289.64 1.09 8.3
289.92 12.36 9.0
290.12 35.19 10.0
290.25 19.15 9.0
290.3 55.82 9.5
290.38 -19.22 10.0
290.52 -4.73 9.7
290.55 16.66 9.9
291.33 20.24 9.7
291.49 3.41 9.3
291.58 0.36 9.5
291.7 20.17 9.3
291.84 20.67 9.7
292.09 -43.88 9.4
292.38 -43.44 9.5
292.47 -26.99 8.8
292.6 56.64 9.6
293.02 28.27 9.8
293.32 20.41 9.2
294.08 -1.27 9.7
294.68 -10.16 8.5
294.94 33.98 9.6
295.06 60.51 8.9
295.91 48.78 8.6
295.92 39.76 9.9
295.93 38.33 9.8
296.02 12.38 10.0
296.24 10.78 9.8
296.61 33.73 9.3
296.63 -21.52 9.9
296.64 33.71 9.4
297.14 24.96 9.3
297.24 19.14 9.0
297.28 -10.85 9.7
297.64 -10.78 9.6
297.69 8.87 1.0
297.7 -59.18 9.1
297.86 4.09 9.4
297.92 31.14 9.5
298.2 64.17 9.0
298.39 59.73 9.1
298.78 30.2 9.5
299.29 40.38 9.3
299.4 -1.89 9.7
299.91 31.83 9.9
300.04 17.5 10.0
300.17 36.57 9.8
300.35 50.09 8.9
300.35 -47.4 9.6
300.36 10.75 7.5
300.69 14.58 9.6
300.74 10.93 9.7
300.78 41.45 9.9
300.98 17.08 9.5
301.19 63.89 9.5
301.49 35.79 9.5
301.53 23.05 9.8
301.81 21.1 9.1
301.96 9.4 8.7
301.98 -70.81 9.9
302.23 77.71 8.3
302.31 35.48 8.7
302.38 36.83 9.4
302.39 16.81 9.9
302.4 33.41 8.9
302.48 20.92 8.9
302.6 49.82 9.6
302.91 38.88 9.9
302.96 -63.62 9.3
302.98 47.74 9.7
303.17 33.49 9.9
303.3 46.76 9.9
303.42 24.24 9.2
303.42 53.12 9.4
303.42 -34.12 8.2
303.57 -62.26 9.8
303.59 42.11 9.8
303.6 -6.04 9.3
303.61 80.53 9.6
303.64 -64.43 9.8
303.64 -64.42 10.0
303.97 52.5 9.8
303.99 38.94 10.0
304.09 37.07 9.6
304.14 22.37 10.0
304.15 35.47 9.7
304.2 39.7 8.7
304.28 8.97 10.0
304.43 -39.11 8.4
304.6 55.4 7.5
304.74 46.33 9.8
304.84 14.37 9.6
305.06 39.4 8.5
305.14 -29.17 10.0
305.83 40.75 9.9
305.87 -28.45 9.8
306.1 19.58 9.7
306.41 -56.73 1.9
306.47 21.47 9.9
306.5 21.38 9.8
306.61 56.64 8.3
306.83 -18.21 8.5
307.07 -3.37 9.4
307.54 49.78 9.9
307.69 49.22 9.7
307.75 36.94 9.0
308.25 -68.37 10.0
308.44 28.13 9.1
308.72 51.15 9.9
309.11 -71.07 8.9
309.13 -26.54 9.3
309.5 18.27 9.4
310.36 45.28 1.3
311.35 57.57 9.9
311.55 -66.4 10.0
311.88 36.48 9.7
312.18 51.91 8.6
312.25 39.79 9.6
312.65 30.91 9.9
312.78 -37.88 9.8
313.01 -11.42 9.7
313.51 13.1 9.9
313.6 28.06 9.6
313.67 28.06 9.9
313.68 37.07 9.9
313.93 47.38 9.8
313.99 47.39 9.7
315.11 19.34 10.0
315.3 46.16 9.5
315.58 39.51 9.5
316.03 -47.96 9.8
316.39 47.97 9.9
316.62 26.92 9.2
316.68 -80.7 9.6
316.71 38.76 10.0
316.76 38.62 9.6
316.79 -13.92 10.0
316.89 -0.16 9.9
317.16 30.21 8.1
317.56 44.0 9.1
317.58 10.13 9.1
317.75 9.55 8.5
318.92 78.6 9.6
319.48 34.89 10.0
319.76 39.75 9.9
319.82 58.62 9.3
319.94 -26.35 9.8
319.96 -53.45 6.9
320.05 22.01 9.6
320.33 -84.31 8.2
320.66 49.49 9.9
320.9 64.93 9.9
321.65 -46.08 10.0
321.67 13.69 8.8
321.96 -8.67 10.0
322.15 70.56 8.6
322.44 46.56 10.0
322.46 52.94 9.6
322.47 52.96 10.0
322.59 -60.46 9.7
322.87 52.63 9.9
323.05 48.48 9.7
323.42 -16.2 9.9
324.39 -0.4 9.4
325.33 39.47 9.9
325.38 40.8 9.5
325.54 40.95 9.8
325.62 41.01 10.0
326.11 -55.47 9.8
326.86 -13.12 9.1
327.92 19.31 9.9
327.94 64.9 10.0
328.65 -3.31 9.5
329.8 72.41 9.9
330.61 -16.96 7.2
330.94 64.63 6.4
331.55 10.09 9.8
331.78 0.57 8.4
332.0 61.12 9.6
332.06 -46.96 1.8
332.28 -18.48 9.0
332.28 -18.48 9.2
332.32 44.84 9.7
332.33 -18.99 9.8
332.65 70.13 8.6
332.76 50.82 10.0
333.0 37.65 9.8
333.53 31.4 9.8
333.58 17.19 9.2
333.75 22.66 10.0
333.76 -41.51 9.9
334.73 37.76 8.8
335.12 35.12 9.7
335.24 66.97 9.8
336.1 1.19 10.0
336.16 -26.85 9.8
336.48 -75.01 8.8
336.69 37.44 9.6
336.83 -64.97 8.7
336.96 -17.27 9.7
337.43 -43.76 9.7
337.66 -10.68 8.5
338.33 70.38 9.2
338.34 -60.82 9.9
338.44 61.76 10.0
338.61 40.77 9.6
338.73 41.57 9.5
338.9 -38.73 9.8
338.99 39.62 9.1
339.11 -16.43 9.9
339.88 36.92 9.6
339.89 -12.61 8.6
340.14 -61.55 8.8
340.64 -47.22 9.5
340.74 1.22 9.6
341.26 68.13 9.9
341.68 -46.94 9.9
341.83 58.49 9.5
341.84 -16.15 9.8
342.4 66.55 8.6
343.1 -32.89 9.9
343.13 -32.88 5.0
343.19 60.91 9.5
343.92 36.34 9.2
344.12 41.62 9.3
344.21 11.85 9.1
344.24 48.72 10.0
344.26 59.96 9.6
344.41 -29.62 1.2
345.18 31.08 9.5
345.28 26.78 9.7
345.6 -64.3 9.9
346.84 70.66 9.8
346.85 21.13 9.9
347.59 32.49 9.4
348.86 -3.49 9.6
348.96 -9.08 9.9
349.48 -9.18 4.4
349.65 68.11 7.3
349.7 -12.15 9.9
349.94 42.07 9.8
350.2 21.96 8.7
350.7 20.56 9.8
351.17 62.26 9.9
351.41 52.68 9.8
352.33 -85.71 8.5
352.39 -52.67 9.9
352.61 30.83 9.8
353.0 43.82 9.4
354.02 -26.92 9.7
354.27 -31.87 9.9
354.64 35.03 10.0
354.86 -46.64 7.3
354.91 -69.19 9.7
355.96 -15.28 7.8
355.98 66.56 9.9
356.12 -26.24 9.4
356.14 46.38 9.9
356.5 0.26 9.6
356.53 60.47 10.0
356.94 -2.75 9.8
357.06 63.8 9.6
357.13 62.29 9.8
357.21 -28.12 9.4
357.63 43.42 9.9
359.33 61.03 9.7
359.59 35.01 9.3
359.6 51.39 8.3
