1
72
150
222
296
374
448
518
602
671
732
799
873
956
1035
1101
1161
1228
1307
1382
1457
1516
1587
1674
1749
1821
1897
1976
2032
2110
2174
2235
2306
2378
2439
2506
2580
2654
2742
2807
2871
2949
3012
3080
3135
3203
3278
3349
3400
3464
3524
3584
3646
3726
3787
3855
3916
3982
4053
4123
4198
4266
4335
4407
4474
4549
4639
4703
4774
4851
4931
4995
5058
5112
5172
5240
5301
5369
5446
5518
5598
5664
5741
5802
5864
5938
5998
6059
6125
6201
6282
6368
6441
6506
6562
6629
6687
6766
6831
6891
6960
7022
7087
7150
7204
7272
7348
7436
7495
7563
7617
7685
7758
7812
7869
7949
8011
8099
8171
8236
8302
8375
8432
8511
8590
8663
8736
8803
8870
8952
9021
9087
9159
9234
9296
9373
9446
9493
9559
9629
9675
9750
9829
9897
9974
10044
10125
10182
10235
10301
10359
10426
10502
10566
10647
10718
10782
10860
10944
11020
11094
11168
11239
11301
11362
11435
11506
11582
11650
11710
11779
11854
11910
11973
12049
12116
12193
12272
12335
12390
12468
12539
12606
12676
12741
12810
12881
12949
13008
13069
13123
13191
13252
13313
13397
13468
13531
13599
13671
13745
13811
13889
13954
14018
14077
14148
14226
14290
14347
14420
14491
14556
14638
14714
14784
14837
14900
14970
15040
15093
15155
15216
15271
15346
15419
15501
15566
15626
15701
15777
15836
15918
15989
16077
16156
16223
16291
16354
16419
16485
16551
16625
16705
16777
16847
16919
16998
17074
17160
17229
17296
17367
17443
17506
17577
17668
17744
17819
17889
17955
18026
18097
18164
18235
18293
18371
18432
18498
18550
18614
18686
18741
18822
18898
18965
19039
19109
19179
19241
19311
19395
19470
19544
19618
19687
19751
19811
19874
19954
20013
20102
20173
20234
20307
20381
20478
20556
20643
20720
20797
20876
20946
21022
21096
21156
21231
21302
21387
21474
21537
21616
21674
21748
21815
21881
21945
22017
22100
22169
22224
22295
22358
22429
22504
22575
22640
22718
22783
22858
22939
23005
23070
23124
23187
23255
23327
23393
23467
23540
23614
23704
23782
23855
23938
24007
24084
24154
24215
24277
24351
24422
24485
24553
24632
24712
24799
24885
24946
25030
25120
25180
25250
25324
25395
25465
25548
25597
25676
25743
25803
25886
25963
26037
26106
26178
26248
26317
26379
26444
26521
26579
26648
26715
26786
26863
26933
27015
27097
27159
27217
27295
27377
27440
27529
27602
27670
27735
27801
27873
27936
28000
28057
28139
28223
28290
28366
28453
28525
28578
28645
28722
28784
28844
28918
28986
29061
29124
29195
29262
29328
29403
29465
29529
29599
29665
29734
29798
29871
29946
30018
30084
30149
30222
30286
30343
30410
30474
30533
30601
30681
30761
30833
30897
30975
31037
31102
31171
31231
31300
31372
31421
31494
31550
31616
31675
31733
31800
31867
31939
31996
32057
32120
32175
32243
32317
32385
32459
32540
32589
32658
32733
32792
32852
32913
32985
33052
33142
33211
33286
33353
33432
33507
33596
33671
33730
33793
33849
33900
33978
34047
34111
34182
34253
34317
34385
34454
34529
34588
34652
34716
34780
34854
34916
34980
35049
35108
35178
35227
35303
35371
35447
35511
35583
35665
35731
35799
35876
35951
36013
36081
36135
36212
36278
36334
36389
36446
36511
36589
36663
36739
36808
36880
36956
37024
37096
37178
37242
37315
37376
37439
37497
37560
37626
37700
37767
37829
37904
37973
38039
38116
38199
38266
38336
38415
38483
38540
38610
38680
38737
38800
38874
38934
39003
39078
39144
39224
39292
39366
39433
39501
39581
39655
39741
39820
39895
39979
40051
40115
40185
40249
40329
40397
40459
40523
40583
40648
40711
40786
40855
40925
40995
41058
41136
41199
41249
41320
41381
41451
41509
41572
41642
41708
41776
41852
41918
41979
42048
42119
42194
42263
42334
42413
42482
42547
42615
42685
42752
42821
42893
42967
43039
43110
43188
43258
43328
43391
43470
43536
43606
43658
43731
43807
43887
43958
44016
44075
44154
44232
44306
44372
44432
44489
44576
44635
44700
44779
44862
44923
44999
45069
45157
45221
45284
45367
45444
45522
45578
45640
45715
45785
45857
45934
46007
46067
46150
46232
46284
46361
46432
46504
46578
46655
46720
46787
46859
46923
47000
47083
47153
47225
47286
47361
47420
47486
47557
47630
47693
47775
47838
47915
47973
48037
48105
48175
48256
48332
48409
48477
48557
48625
48692
48745
48804
48865
48930
49003
49081
49142
49221
49285
49354
49427
49497
49566
49638
49712
49794
49881
49944
50003
50082
50162
50267
50344
50423
50496
50586
50659
50744
50831
50917
51003
51086
51151
51210
51274
51358
51450
51530
51632
51707
51799
51878
51983
52047
52131
52218
52298
52392
52467
52546
52635
52712
52800
52904
52995
53079
53162
53235
53320
53393
53483
53567
53667
53762
53842
53930
54027
54105
54188
54295
54384
54475
54571
54660
54758
54862
54961
55052
55156
55248
55353
55445
55539
55636
55743
55841
55935
56017
56104
56201
56293
56399
56482
56577
56682
56776
56870
56976
57066
57151
57244
57348
57443
57534
57616
57705
57785
57886
57971
58078
58164
58268
58365
58460
58551
58657
58748
58860
58959
59080
59195
59304
59407
59500
59599
59708
59807
59906
60007
60119
60230
60324
60438
60531
60627
60734
60846
60966
61096
61226
61343
61468
61572
61694
61822
61932
62048
62153
62263
62370
62487
62591
62698
62809
62935
63039
63142
63261
63378
63505
63608
63722
63837
63955
64056
64158
64273
64387
64514
64612
64715
64844
64959
65078
65175
65272
65395
65517
65618
65731
65840
65959
66077
66191
66293
66387
66483
66593
66696
66821
66942
67047
67172
67301
67421
67531
67632
67750
67868
67974
68100
68209
68336
68447
68560
68687
68792
68905
69028
69126
69249
69361
69483
69598
69702
69835
69960
70117
70243
70366
70508
70631
70765
70906
71031
71167
71291
71419
71561
71694
71813
71939
72084
72217
72337
72444
72573
72712
72859
72994
73139
73234
73364
73494
73632
73750
73883
74017
74133
74275
74416
74548
74694
74796
74926
75039
75149
75285
75417
75555
75678
75798
75947
76071
76208
76361
76492
76610
76744
76876
77007
77159
77301
77423
77557
77701
77828
77960
78076
78202
78327
78457
78593
78720
78876
79007
79149
79300
79430
79582
79720
79857
79999
80132
80287
80409
80554
80702
80830
80975
81119
81253
81403
81545
81679
81824
81973
82139
82286
82419
82561
82690
82821
82970
83116
83251
83380
83525
83663
83775
83925
84083
84213
84343
84519
84658
84794
84954
85114
85267
85400
85549
85685
85814
85969
86134
86275
86439
86584
86734
86880
87031
87190
87360
87502
87650
87812
87966
88125
88249
88413
88578
88727
88890
89035
89204
89355
89493
89669
89823
89978
90114
90260
90414
90578
90730
90864
91008
91163
91305
91463
91618
91771
91925
92069
92229
92371
92510
92678
92811
92956
93113
93242
93385
93545
93679
93822
93983
94117
94260
94402
94527
94680
94833
94960
95107
95259
95386
95528
95653
95783
95927
96067
96207
96357
96504
96659
96806
96955
97103
97237
97366
97500
97639
97757
97887
98018
98160
98285
98414
98555
98708
98842
98987
99102
99233
99373
99510
99654
99810
99934
100065
100198
100336
100456
100595
100737
100852
100983
101104
101237
101376
101519
101643
101766
101903
102044
102182
102328
102464
102604
102722
102857
102982
103095
103242
103390
103531
103672
103806
103958
104096
104224
104357
104503
104624
104750
104873
105003
105128
105245
105406
105519
105658
105796
105911
106026
106159
106278
106409
106526
106669
106795
106920
107041
107164
107309
107437
107570
107701
107845
107978
108108
108238
108363
108493
108612
108757
108906
109029
109187
109328
109464
109592
109718
109851
109993
110114
110256
110398
110517
110656
110791
110923
111042
111163
111279
111402
111512
111640
111764
111909
112029
112166
112303
112426
112552
112693
112829
112957
113069
113192
113322
113455
113592
113706
113824
113942
114069
114178
114300
114430
114562
114690
114809
114926
115048
115158
115286
115392
115545
115650
115761
115888
115995
116114
116238
116367
116500
116625
116717
116828
116962
117073
117178
117287
117410
117549
117680
117795
117917
118027
118124
118242
118367
118470
118589
118710
118843
118947
119045
119183
119292
119403
119510
119619
119737
119848
119968
120062
120165
120274
120385
120506
120636
120760
120860
120974
121079
121181
121308
121431
121545
121642
121747
121864
121974
122082
122171
122294
122397
122502
122603
122713
122830
122950
123069
123172
123283
123388
123500
123606
123692
123808
123930
124028
124132
124229
124336
124453
124552
124656
124770
124856
124975
125114
125197
125300
125400
125483
125575
125675
125786
125893
126000
126074
126177
126277
126357
126452
126544
126638
126729
126817
126916
126991
127081
127180
127278
127369
127463
127543
127642
127740
127837
127938
128043
128137
128225
128317
128412
128508
128615
128711
128811
128899
128994
129077
129153
129248
129330
129421
129504
129596
129697
129802
129902
130006
130101
130197
130290
130386
130475
130572
130659
130766
130834
130928
131006
131107
131201
131303
131398
131500
131593
131675
131768
131859
131956
132040
132125
132226
132337
132441
132535
132628
132743
132840
132928
133022
133106
133193
133294
133390
133494
133586
133693
133783
133879
133970
134061
134163
134251
134339
134429
134531
134624
134715
134801
134877
134968
135053
135144
135228
135312
135418
135495
135591
135675
135770
135837
135926
136001
136075
136166
136267
136362
136439
136514
136604
136696
136776
136875
136952
137040
137136
137219
137305
137371
137457
137540
137635
137743
137834
137922
138022
138093
138186
138285
138375
138468
138559
138627
138710
138796
138868
138959
139055
139115
139203
139291
139367
139459
139554
139650
139744
139821
139908
139982
140079
140146
140230
140314
140402
140504
140591
140675
140772
140870
140963
141045
141133
141215
141298
141382
141459
141550
141652
141747
141829
141912
142002
142089
142169
142264
142347
142427
142500
142586
142676
142749
142828
142904
142998
143093
143179
143256
143352
143412
143489
143561
143640
143715
143792
143868
143949
144030
144119
144199
144273
144364
144444
144524
144609
144685
144770
144865
144954
145043
145118
145194
145278
145359
145451
145517
145611
145690
145790
145877
145991
146062
146153
146248
146338
146414
146504
146566
146661
146733
146812
146898
146982
147064
147151
147222
147305
147378
147480
147575
147668
147761
147841
147924
148010
148103
148182
148263
148363
148448
148529
148611
148685
148775
148843
148934
149022
149108
149187
149283
149357
149448
149534
149605
149691
149763
149852
149949
150027
150110
150190
150262
150349
150435
150529
150599
150670
150745
150818
150904
150989
151061
151152
151227
151307
151393
151462
151553
151620
151692
151759
151845
151917
151999
152083
152157
152227
152305
152389
152485
152561
152645
152719
152800
152872
152947
153038
153129
153207
153301
153394
153478
153576
153663
153738
153833
153921
154004
154087
154170
154239
154318
154407
154499
154557
154651
154731
154800
154876
154965
155028
155105
155176
155261
155333
155415
155483
155563
155640
155735
155817
155888
155961
156043
156122
156196
156254
156322
156393
156456
156530
156602
156675
156740
156798
156883
156954
157020
157110
157172
157252
157314
157387
157457
157540
157608
157691
157765
157812
157879
157966
158038
158098
158167
158250
158316
158382
158461
158527
158602
158673
158736
158819
158903
158976
159042
159103
159163
159239
159314
159394
159479
159562
159646
159739
159813
159896
159969
160049
160124
160195
160271
160355
160431
160494
160568
160629
160708
160771
160847
160924
160997
161066
161143
161229
161289
161354
161433
161509
161598
161659
161710
161774
161830
161886
161955
162027
162090
162175
162246
162318
162394
162475
162535
162603
162685
162756
162827
162879
162964
163033
163102
163180
163250
163329
163394
163467
163533
163590
163663
163742
163819
163890
163960
164035
164104
164165
164234
164310
164369
164433
164500
164572
164647
164722
164783
164858
164913
164991
165059
165119
165193
165261
165318
165389
165452
165544
165601
165679
165759
165839
165910
165975
166050
166112
166187
166270
166329
166399
166467
166542
166619
166671
166724
166794
166867
166929
166997
167071
167135
167194
167260
167321
167389
167472
167535
167626
167699
167763
167826
167900
167973
168043
168132
168203
168268
168329
168387
168458
168533
168591
168667
168742
168813
168864
168925
168998
169059
169124
169191
169270
169329
169391
169447
169525
169592
169666
169735
169806
169860
169934
170001
170064
170117
170170
170223
170293
170353
170425
170499
170565
170638
170709
170772
170840
170906
170958
171014
171084
171172
171238
171306
171372
171428
171505
171572
171624
171690
171752
171819
171881
171965
172017
172105
172166
172234
172295
172365
172428
172509
172584
172651
172711
172790
172856
172935
172998
173054
173127
173201
173257
173323
173405
173463
173518
173581
173650
173722
173802
173880
173946
174011
174089
174150
174215
174279
174330
174402
174470
174538
174592
174653
174713
174783
174843
174918
174983
175058
175123
175197
175278
175339
175409
175468
175535
175595
175672
175725
175801
175884
175959
176038
176114
176185
176271
176349
176410
176474
176539
176611
176677
176748
176816
176900
176973
177037
177114
177189
177263
177332
177403
177476
177566
177632
177695
177769
177841
177917
177979
178040
178104
178174
178244
178322
178395
178453
178534
178602
178664
178731
178781
178855
178930
178996
179059
179133
179202
179275
179339
179413
179486
179561
179632
179706
179779
179855
179932
180004
180073
180157
180221
180284
180343
180417
180487
180566
180624
180713
180789
180850
180913
180992
181078
181145
181202
181297
181378
181442
181515
181598
181677
181749
181818
181875
181951
182027
182099
182155
182219
182291
182356
182420
182493
182563
182647
182725
182794
182856
182928
183006
183071
183140
183210
183276
183361
183438
183520
183600
183681
183747
183835
183911
183987
184061
184133
184202
184263
184334
184399
184464
184523
184592
184672
184740
184806
184869
184932
184997
185069
185148
185212
185289
185360
185430
185497
185565
185633
185718
185785
185865
185952
186033
186096
186174
186240
186306
186372
186446
186528
186597
186653
186708
186780
186850
186923
186999
187068
187145
187225
187296
187378
187450
187528
187604
187678
187752
187815
187886
187957
188024
188080
188143
188219
188287
188351
188429
188496
188578
188649
188713
188796
188880
188957
189023
189095
189165
189242
189299
189383
189456
189540
189609
189681
189761
189834
189903
189962
190017
190092
190163
190237
190316
190381
190456
190520
190609
190678
190738
190820
190896
190974
191043
191114
191189
191264
191328
191404
191478
191545
191609
191669
191737
191819
191893
191964
192047
192124
192199
192269
192353
192415
192496
192566
192646
192727
192796
192873
192948
193016
193090
193171
193243
193302
193371
193458
193537
193598
193687
193773
193857
193943
194009
194086
194172
194245
194326
194389
194478
194550
194628
194700
194773
194860
194941
195012
195080
195159
195228
195306
195384
195476
195549
195615
195687
195753
195839
195909
195983
196049
196121
196193
196249
196324
196413
196501
196565
196646
196718
196800
196881
196960
197036
197104
197201
197275
197343
197423
197486
197552
197636
197717
197804
197882
197971
198039
198118
198208
198286
198363
198438
198528
198613
198696
198772
198846
198911
198992
199085
199163
199241
199316
199396
199473
199546
199617
199696
199768
199873
199944
200019
200094
200186
200277
200361
200438
200519
200618
200698
200787
200861
200928
201010
201104
201183
201266
201331
201413
201507
201595
201675
201758
201826
201916
201992
202074
202144
202216
202296
202377
202463
202546
202627
202724
202799
202886
202961
203038
203115
203197
203256
203337
203420
203507
203584
203650
203730
203808
203880
203967
204058
204119
204210
204287
204378
204464
204553
204623
204713
204809
204906
205001
205082
205148
205236
205317
205392
205468
205562
205640
205723
205798
205879
205953
206019
206090
206155
206213
206288
206358
206429
206495
206574
206641
206726
206795
206866
206939
207031
207123
207198
207295
207389
207463
207558
207629
207698
207764
207853
207939
208019
208086
208176
208254
208344
208427
208511
208588
208668
208755
208846
208937
209020
209100
209187
209291
209380
209470
209549
209630
209712
209792
209877
209953
210026
210110
210192
210287
210352
210446
210510
210578
210656
210739
210821
210904
210973
211046
211141
211224
211323
211410
211527
211615
211683
211777
211857
211941
212022
212116
212193
212264
212361
212445
212541
212630
212711
212795
212866
212952
213045
213136
213211
213296
213389
213466
213537
213613
213691
213768
213842
213916
213985
214069
214145
214221
214321
214401
214482
214559
214657
214744
214816
214906
214994
215069
215146
215236
215332
215425
215514
215600
215671
215761
215840
215920
216013
216100
216178
216265
216339
216435
216509
216584
216670
216761
216849
216941
217030
217115
217200
217288
217366
217443
217530
217631
217710
217785
217875
217960
218060
218151
218240
218322
218408
218505
218589
218700
218804
218913
219004
219082
219176
219259
219357
219446
219547
219649
219739
219827
219916
220007
220101
220190
220277
220376
220463
220560
220645
220725
220822
220912
220991
221078
221173
221268
221343
221441
221528
221623
221725
221816
221896
221996
222083
222170
222243
222324
222398
222474
222565
222646
222737
222847
222935
223034
223109
223195
223265
223345
223441
223523
223617
223704
223801
223908
224014
224105
224210
224314
224422
224504
224595
224700
224810
224911
224990
225083
225188
225275
225368
225473
225569
225666
225764
225861
225948
226055
226166
226254
226356
226461
226540
226624
226720
226817
226932
227036
227127
227229
227324
227449
227539
227650
227753
227865
227966
228068
228179
228281
228395
228489
228593
228695
228807
228943
229050
229149
229261
229373
229500
229610
229698
229799
229909
230016
230136
230266
230373
230461
230565
230673
230798
230902
231006
231097
231198
231286
231412
231518
231616
231742
231856
231966
232059
232160
232255
232371
232485
232591
232687
232801
232952
233071
233195
233325
233427
233527
233625
233742
233849
233959
234076
234180
234304
234412
234523
234642
234754
234871
234997
235114
235251
235377
235493
235622
235732
235846
235966
236085
236204
236323
236447
236572
236695
236817
236921
237062
237180
237297
237418
237540
237672
237786
237927
238056
238183
238299
238426
238521
238633
238764
238898
239020
239157
239268
239384
239505
239643
239767
239892
240017
240147
240259
240374
240497
240623
240737
240866
241000
241104
241244
241381
241506
241639
241754
241866
241982
242105
242209
242341
242461
242574
242721
242833
242950
243079
243211
243336
243468
243577
243681
243811
243943
244055
244178
244298
244399
244500
244633
244762
244886
244992
245095
245202
245330
245438
245550
245651
245772
245879
245993
246107
246236
246352
246468
246585
246710
246847
246948
247067
247197
247302
247403
247511
247637
247752
247868
247985
248121
248242
248372
248481
248626
248752
248873
248987
249106
249218
249338
249448
249561
249680
249777
249883
250013
250125
250250
250363
250491
250631
250762
250914
251027
251141
251274
251379
251488
251625
251737
251869
251999
252114
252237
252349
252468
252568
252698
252819
252941
253054
253173
253315
253422
253533
253669
253780
253901
254011
254145
254261
254377
254513
254620
254742
254861
254976
255098
255202
255326
255458
255586
255712
255821
255936
256046
256163
256279
256388
256523
256640
256767
256892
257024
257164
257281
257397
257518
257635
257761
257881
257990
258112
258237
258370
258491
258624
258730
258863
258999
259121
259236
259367
259499
259621
259714
259839
259931
260046
260162
260264
260390
260520
260629
260755
260864
260979
261096
261217
261330
261467
261577
261694
261816
261915
262039
262150
262272
262408
262539
262664
262790
262919
263035
263163
263282
263398
263535
263656
263797
263918
264063
264191
264306
264441
264563
264699
264822
264947
265084
265238
265371
265508
265616
265760
265879
265987
266123
266254
266402
266516
266631
266741
266857
266994
267116
267238
267364
267498
267607
267742
267868
267982
268096
268216
268346
268466
268596
268726
268865
269004
269115
269248
269380
269486
269616
269728
269837
269943
270080
270192
270302
270422
270540
270676
270793
270927
271081
271203
271347
271456
271583
271707
271845
271985
272129
272269
272387
272527
272639
272762
272902
273052
273183
273317
273458
273571
273701
273835
273952
274090
274230
274361
274503
274627
274759
274876
275009
275126
275261
275381
275514
275660
275792
275898
276031
276165
276306
276425
276539
276677
276800
276923
277055
277173
277280
277411
277545
277665
277795
277919
278045
278173
278324
278455
278602
278710
278849
278988
279115
279213
279330
279454
279600
279719
279847
279978
280086
280204
280338
280470
280596
280723
280855
280992
281113
281233
281363
281483
281585
281690
281811
281943
282040
282164
282279
282416
282541
282656
282780
282901
282998
283086
283204
283313
283439
283577
283698
283802
283913
284017
284123
284244
284355
284482
284598
284733
284842
284942
285051
285179
285290
285387
285493
285607
285741
285839
285949
286078
286173
286274
286381
286494
286622
286743
286858
286960
287066
287177
287284
287393
287500
287616
287720
287835
287953
288080
288177
288281
288378
288499
288607
288693
288794
288903
289000
289094
289203
289309
289392
289489
289592
289681
289776
289885
289975
290074
290162
290262
290367
290462
290564
290668
290762
290865
290969
291070
291157
291255
291366
291474
291585
291684
291770
291880
291977
292068
292163
292261
292341
292432
292526
292621
292726
292806
292904
292997
293115
293215
293306
293422
293516
293616
293707
293795
293906
293996
294090
294197
294299
294397
294497
294619
294714
294812
294923
295020
295121
295227
295324
295424
295513
295623
295716
295820
295924
296007
296099
296183
296290
296388
296482
296586
296668
296755
296841
296924
297021
297131
297225
297332
297429
297535
297640
297741
297817
297911
298009
298118
298198
298288
298378
298472
298561
298657
298753
298868
298960
299047
299143
299241
299333
299419
299500
299596
299662
299736
299830
299935
300025
300130
300202
300300
300384
300469
300562
300644
300724
300816
300902
300981
301066
301152
301228
301302
301400
301481
301564
301646
301713
301783
301879
301965
302045
302129
302199
302282
302376
302460
302545
302653
302736
302826
302933
303024
303096
303183
303287
303365
303445
303538
303625
303710
303800
303902
303990
304093
304178
304267
304349
304434
304516
304585
304684
304758
304839
304928
305012
305094
305178
305253
305348
305427
305529
305617
305698
305781
305883
305972
306063
306141
306227
306308
306400
306501
306589
306687
306784
306882
306956
307049
307138
307221
307299
307391
307472
307546
307635
307726
307809
307867
307938
308025
308129
308218
308295
308354
308432
308529
308601
308698
308788
308865
308963
309048
309113
309188
309283
309365
309451
309544
309623
309698
309778
309856
309938
310032
310118
310216
310290
310365
310436
310520
310604
310669
310739
310812
310896
310970
311049
311132
311221
311318
311403
311474
311564
311632
311706
311792
311873
311952
312035
312109
312197
312275
312377
312439
312530
312601
312703
312776
312856
312925
313007
313093
313179
313241
313319
313399
313479
313556
313639
313713
313789
313874
313945
314016
314084
314160
314229
314320
314389
314467
314558
314632
314701
314763
314850
314920
315000
315076
315162
315250
315316
315391
315468
315553
315612
315692
315769
315849
315928
316026
316112
316189
316277
316351
316442
316530
316617
316686
316766
316859
316930
317007
317089
317143
317211
317283
317361
317433
317510
317565
317635
317720
317784
317859
317940
317996
318075
318138
318210
318280
318353
318424
318509
318579
318663
318741
318829
318895
318974
319051
319117
319197
319268
319354
319429
319490
319576
319635
319720
319787
319869
319942
320006
320068
320127
320202
320280
320353
320432
320512
320599
320659
320720
320785
320835
320912
320988
321058
321128
321198
321282
321368
321438
321518
321584
321649
321715
321789
321873
321937
322010
322087
322157
322226
322289
322354
322425
322500
322592
322654
322711
322793
322873
322959
323033
323108
323179
323250
323329
323394
323461
323522
323603
323671
323739
323800
323871
323948
324039
324116
324189
324239
324306
324374
324441
324513
324587
324665
324738
324798
324892
324965
325025
325089
325158
325228
325296
325367
325439
325503
325575
325663
325725
325797
325861
325932
326014
326082
326143
326212
326284
326351
326430
326504
326577
326649
326732
326813
326882