1
5
12
20
25
28
34
37
40
47
57
61
67
75
80
84
88
96
102
104
110
112
114
117
121
129
139
148
155
160
168
173
177
180
189
194
201
205
207
212
215
218
228
234
239
243
249
256
262
268
272
280
287
296
299
308
316
318
321
324
330
335
339
350
355
361
366
369
375
379
383
389
392
402
411
414
420
424
434
441
442
445
447
452
459
464
469
476
480
487
492
498
504
511
516
522
529
533
537
541
548
553
561
569
576
584
588
592
596
603
607
614
621
629
634
639
646
650
660
662
664
670
674
683
691
697
703
708
713
719
722
727
730
737
744
757
760
764
773
780
784
790
798
808
817
823
830
833
837
842
850
858
867
873
878
885
898
905
914
926
937
943
949
954
955
970
974
980
987
990
993
1002
1008
1015
1019
1026
1029
1030
1035
1039
1044
1051
1057
1059
1066
1070
1077
1082
1088
1090
1096
1104
1111
1114
1123
1124
1129
1139
1145
1148
1150
1152
1156
1164
1168
1175
1183
1186
1190
1198
1200
1211
1216
1219
1226
1232
1239
1248
1251
1258
1262
1266
1270
1277
1290
1298
1304
1313
1323
1329
1333
1341
1347
1353
1360
1366
1374
1382
1386
1390
1396
1401
1409
1413
1421
1427
1437
1447
1457
1464
1468
1474
1480
1486
1494
1500
1513
1523
1533
1540
1546
1550
1555
1562
1571
1577
1581
1586
1591
1595
1601
1609
1612
1621
1627
1630
1634
1640
1645
1653
1656
1662
1665
1674
1680
1688
1695
1702
1707
1711
1719
1727
1731
1734
1737
1742
1746
1749
1756
1761
1769
1775
1783
1787
1790
1795
1800
1805
1813
1822
1829
1834
1838
1844
1847
1852
1862
1869
1875
1880
1885
1895
1902
1906
1916
1923
1926
1929
1938
1948
1955
1960
1962
1966
1974
1978
1984
1990
1993
1997
2005
2013
2023
2028
2032
2037
2040
2043
2048
2053
2059
2062
2069
2075
2081
2085
2091
2095
2101
2111
2114
2129
2152
2173
2191
2208
2225
2250
2260
2275
2292
2300
2322
2331
2340
2354
2370
2389
2405
2420
2434
2451
2467
2484
2498
2509
2519
2533
2551
2568
2580
2601
2615
2634
2649
2663
2686
2704
2721
2738
2755
2769
2783
2801
2821
2836
2851
2876
2896
2910
2924
2937
2949
2960
2968
2984
2997
3014
3025
3040
3049
3063
3071
3082
3099
3113
3126
3145
3161
3180
3198
3211
3234
3247
3268
3280
3295
3316
3330
3349
3369
3389
3413
3430
3453
3471
3496
3512
3528
3551
3568
3583
3595
3618
3639
3656
3671
3686
3707
3727
3749
3769
3789
3804
3815
3831
3851
3869
3897
3912
3927
3953
3973
3993
4013
4037
4058
4072
4086
4100
4117
4142
4157
4181
4198
4235
4268
4291
4317
4336
4365
4391
4422
4452
4471
4492
4524
4542
4565
4595
4625
4651
4683
4719
4737
4752
4776
4805
4821
4844
4860
4879
4908
4927
4956
4976
4996
5022
5052
5086
5116
5137
5158
5184
5211
5230
5262
5289
5305
5333
5363
5386
5408
5427
5451
5473
5496
5532
5552
5570
5588
5617
5645
5662
5684
5708
5720
5744
5760
5788
5812
5836
5863
5881
5908
5935
5958
5983
6000
6036
6066
6091
6120
6143
6169
6192
6225
6249
6278
6303
6334
6358
6384
6404
6437
6462
6492
6524
6555
6588
6615
6644
6681
6710
6747
6786
6818
6867
6905
6939
6966
6991
7021
7053
7086
7122
7152
7186
7204
7234
7264
7299
7336
7371
7392
7429
7456
7487
7517
7545
7572
7598
7615
7633
7659
7681
7710
7732
7763
7791
7821
7845
7875
7902
7924
7953
7971
8003
8029
8059
8082
8104
8123
8147
8175
8203
8223
8241
8263
8281
8307
8332
8356
8376
8396
8416
8435
8459
8474
8489
8509
8522
8545
8569
8590
8601
8622
8646
8667
8683
8699
8719
8740
8760
8782
8801
8825
8845
8859
8880
8898
8920
8932
8952
8970
8983
9000
9010
9025
9043
9063
9074
9095
9115
9129
9140
9154
9168
9189
9217
9227
9244
9257
9268
9287
9297
9313
9330
9345
9362
9373
9384
9392
9410
9423
9439
9452
9469
9480
9507
9522
9533
9555
9568
9582
9598
9615
9632
9644
9659
9669
9697
9719
9739
9757
9787
9811
9835
9861
9888
9905
9930
9948
9969
9997
10022
10050
10069
10086
10103
10126
10153
10170
10191
10214
10231
10254
10272
10294
10314
10331
10356
10374
10391
10411
10432
10457
10485
10513
10536
10554
10579
10607
10633
10651
10683
10706
10738
10761
10782
10800
10822
10847
10870
10904
10926
10952
10974
10989
11009
11025
11044
11065
11089
11114
11150
11183
11211
11237
11262
11278
11307
11333
11358
11385
11412
11440
11469
11495
11519
11550
11572
11600
11638
11669
11695
11723
11751
11785
11823
11851
11890
11924
11958
12002
12034
12071
12116
12165
12204
12237
12275
12299
12331
12371
12413
12445
12472
12508
12545
12581
12613
12643
12680
12704
12751
12794
12836
12882
12942
13039
13107
13153
13202
13241
13289
13342
13381
13426
13463
13507
13558
13595
13651
13695
13757
13806
13856
13909
13976
14033
14092
14149
14203
14252
14312
14375
14440
14504
14551
14619
14702
14785
14883
14975
15041
15111
15189
15270
15343
15424
15539
15617
15698
15775
15858
15951
16037
16147
16212
16278
16356
16426
16517
16600
16720
16820
16911
16997
17101
17194
17302
17404
17495
17589
17685
17767
17852
17929
18002
18060
18115
18179
18261
18324
18391
18455
18531
18619
18717
18802
18896
18978
19053
19141
19222
19308
19379
19459
19561
19631
19706
19785
19864
19937
20008
20084
20164
20233
20311
20382
20452
20525
20591
20670
20720
20777
20842
20906
20969
21046
21121
21207
21282
21343
21402
21469
21557
21635
21691
21758
21841
21915
21984
22057
22129
22218
22292
22369
22442
22514
22593
22646
22715
22768
22833
22889
22941
22998
23051
23102
23159
23218
23274
23318
23367
23417
23466
23517
23558
23597
23642
23680
23717
23766
23798
23840
23879
23924
23962
23993
24039
24070
24101
24129
24156
24204
24236
24275
24306
24346
24383
24426
24457
24478
24516
24545
24573
24612
24642
24673
24708
24742
24775
24804
24834
24858
24883
24913
24948
24974
25009
25035
25061
25092
25118
25145
25178
25200
25213
25234
25273
25305
25331
25360
25383
25402
25423
25450
25470
25505
25530
25556
25586
25612
25635
25660
25688
25718
25742
25756
25791
25817
25843
25867
25896
25921
25945
25962
25991
26020
26044
26065
26085
26103
26136
26158
26186
26208
26232
26264
26286
26311
26344
26366
26387
26410
26447
26479
26505
26538
26567
26593
26624
26639
26661
26694
26718
26750
26776
26794
26822
26845
26874
26898
26923
26940
26958
26989
27015
27043
27065
27095
27119
27141
27172
27213
27244
27271
27295
27327
27352
27381
27409
27436
27465
27487
27509
27547
27582
27603
27636
27665
27687
27724
27760
27795
27831
27866
27895
27920
27971
27997
28027
28053
28089
28108
28147
28172
28211
28244
28283
28325
28369
28391
28439
28472
28508
28548
28583
28625
28661
28697
28733
28767
28812
28857
28906
28950
28998
29035
29082
29137
29184
29234
29284
29323
29372
29416
29467
29520
29562
29623
29679
29736
29799
29862
29919
29991
30065
30119
30177
30234
30299
30363
30424
30487
30565
30623
30694
30744
30814
30862
30918
30971
31028
31102
31186
31250
31327
31401
31502
31595
31692
31780
31880
31977
32098
32195
32295
32406
32504
32629
32751
32865
32989
33104
33218
33340
33469
33595
33730
33837
33957
34073
34182
34327
34456
34588
34742
34903
35057
35235
35368
35496
35631
35772
35981
36106
36246
36369
36489
36604
36709
36820
36928
37039
37125
37216
37329
37419
37521
37620
37720
37818
37894
37978
38052
38145
38226
38300
38389
38485
38565
38652
38754
38829
38930
39019
39106
39202
39278
39375
39466
39549
39643
39741
39818
39898
39990
40063
40124
40204
40273
40347
40428
40492
40549
40598
40672
40757
40842
40912
41001
41087
41164
41249
41328
41424
41547
41645
41742
41848
41973
42070
42162
42248
42370
42467
42553
42677
42747
42832
42939
43055
43200
43317
43454
43561
43643
43731
43802
43882
43954
44048
44129
44215
44299
44366
44432
44520
44606
44684
44759
44842
44925
45004
45089
45158
45219
45281
45347
45403
45467
45544
45606
45664
45726
45778
45832
45893
45945
46009
46063
46124
46178
46236
46277
46328
46370
46419
46473
46532
46573
46619
46658
46702
46759
46806
46845
46907
46960
47013
47057
47093
47133
47175
47223
47262
47296
47337
47367
47394
47426
47469
47503
47528
47580
47606
47645
47689
47741
47771
47804
47838
47864
47894
47931
47951
47969
48003
48038
48063
48090
48124
48158
48199
48229
48253
48287
48319
48340
48369
48407
48431
48451
48487
48528
48548
48581
48612
48637
48670
48701
48734
48758
48788
48815
48836
48861
48895
48923
48956
48983
49014
49047
49071
49094
49125
49148
49179
49210
49238
49272
49299
49324
49355
49383
49420
49444
49475
49505
49536
49570
49600
49638
49659
49694
49726
49756
49782
49807
49837
49881
49913
49933
49970
49994
50024
50049
50090
50117
50149
50182
50212
50237
50264
50286
50322
50356
50392
50418
50460
50496
50528
50568
50597
50634
50680
50714
50752
50787
50821
50858
50901
50936
50967
51014
51064
51098
51138
51188
51224
51289
51319
51358
51418
51465
51514
51558
51595
51635
51677
51729
51781
51847
51893
51952
52008
52067
52109
52169
52225
52286
52356
52414
52485
52549
52620
52697
52779
52848
52914
52994
53065
53150
53221
53300
53360
53446
53528
53614
53696
53762
53827
53916
54011
54119
54242
54376
54545
54712
54848
55018
55184
55338
55467
55608
55742
55882
56033
56190
56365
56523
56650
56755
56858
56977
57079
57189
57292
57410
57512
57622
57732
57839
57926
58025
58132
58232
58326
58416
58518
58616
58718
58794
58890
58974
59056
59151
59239
59321
59419
59497
59571
59653
59741
59827
59898
59988
60060
60123
60189
60258
60319
60393
60462
60542
60604
60668
60740
60798
60842
60905
60967
61027
61095
61163
61233
61296
61350
61409
61487
61558
61622
61714
61784
61854
61926
61998
62074
62150
62222
62315
62388
62460
62550
62628
62709
62790
62857
62927
63021
63095
63166
63218
63309
63398
63482
63575
63658
63739
63820
63923
64012
64121
64215
64321
64414
64521
64632
64732
64838
64926
65034
65129
65221
65319
65411
65480
65555
65600
65660
65728
65779
65836
65905
65999
66086
66196
66296
66409
66536
66652
66821
66959
67044
67128
67212
67296
67410
67525
67658
67795
67930
68065
68201
68337
68448
68551
68645
68737
68849
68953
69050
69138
69243
69347
69457
69534
69627
69710
69805
69884
69970
70043
70122
70188
70249
70315
70380
70437
70492
70560
70614
70673
70742
70788
70832
70879
70935
71001
71055
71120
71176
71228
71284
71342
71403
71456
71497
71543
71597
71639
71698
71729
71772
71820
71864
71900
71939
71981
72029
72066
72093
72129
72172
72205
72243
72283
72313
72363
72400
72437
72481
72511
72550
72587
72637
72666
72705
72739
72777
72805
72842
72866
72905
72940
72973
73010
73044
73078
73105
73135
73175
73218
73250
73282
73315
73346
73375
73410
73451
73492
73518
73544
73581
73616
73646
73680
73704
73727
73768
73794
73821
73854
73885
73916
73947
73980
74020
74050
74082
74114
74144
74180
74210
74235
74268
74308
74356
74385
74418
74454
74488
74519
74553
74583
74611
74651
74695
74731
74760
74797
74830
74863
74892
74930
74964
75009
75051
75082
75120
75160
75193
75234
75273
75321
75362
75396
75430
75474
75525
75552
75598
75639
75681
75735
75790
75826
75874
75915
75957
76015
76046
76097
76138
76185
76253
76303
76363
76405
76471
76532
76608
76676
76735
76795
76869
76937
77014
77078
77155
77222
77278
77345
77433
77535
77611
77701
77786
77879
77973
78055
78152
78242
78326
78436
78531
78639
78774
78912
79014
79129
79233
79381
79522
79682
79807
79917
80055
80227
80362
80531
80703
80855
81010
81153
81292
81429
81554
81661
81791
81906
82026
82116
82210
82303
82414
82516
82610
82715
82813
82903
82995
83085
83155
83241
83339
83401
83477
83556
83634
83715
83786
83852
83924
83992
84051
84124
84189
84258
84333
84423
84492
84566
84622
84677
84747
84815
84873
84944
85014
85071
85135
85206
85267
85327
85389
85450
85510
85576
85638
85701
85765
85815
85891
85952
86016
86077
86135
86191
86236
86296
86339
86393
86459
86517
86584
86654
86712
86776
86844
86910
86981
87052
87108
87164
87239
87330
87407
87480
87555
87619
87691
87762
87827
87890
87946
88022
88103
88163
88236
88301
88374
88455
88521
88582
88649
88725
88787
88845
88925
88990
89037
89089
89161
89228
89294
89349
89425
89506
89575
89648
89692
89753
89808
89860
89906
89977
90069
90157
90223
90297
90406
90502
90595
90719
90805
90919
91038
91137
91243
91357
91493
91641
91815
91936
92107
92305
92477
92625
92779
92918
93050
93168
93303
93437
93572
93686
93792
93905
93991
94086
94178
94280
94361
94451
94538
94627
94717
94784
94845
94906
94976
95038
95089
95136
95185
95228
95290
95359
95424
95491
95536
95598
95661
95718
95774
95832
95885
95946
96001
96061
96112
96163
96224
96282
96317
96373
96421
96484
96530
96570
96606
96662
96707
96749
96796
96836
96885
96921
96966
97015
97054
97109
97147
97189
97229
97276
97319
97359
97390
97427
97455
97489
97535
97579
97614
97638
97677
97711
97743
97776
97802
97839
97873
97900
97936
97965
97994
98038
98070
98101
98134
98166
98198
98234
98258
98292
98344
98383
98424
98460
98492
98518
98546
98585
98610
98642
98678
98708
98737
98781
98820
98852
98885
98919
98957
98997
99049
99099
99131
99173
99214
99248
99282
99319
99357
99391
99441
99478
99515
99557
99600
99644
99689
99727
99763
99808
99844
99880
99919
99957
100005
100044
100085
100137
100193
100245
100287
100337
100390
100438
100485
100537
100579
100630
100686
100734
100785
100836
100900
100937
100991
101049
101107
101163
101240
101309
101372
101429
101488
101552
101621
101689
101777
101883
101973
102058
102147
102232
102323
102424
102532
102641
102746
102859
102964
103062
103191
103321
103461
103605
103750
103908
104116
104285
104463
104645
104839
105037
105211
105396
105575
105753
105932
106102
106274
106464
106633
106820
106983
107132
107261
107406
107552
107679
107816
107951
108052
108163
108258
108353
108445
108527
108604
108677
108747
108806
108881
108973
109055
109154
109245
109319
109383
109459
109532
109607
109677
109740
109814
109869
109919
109991
110056
110121
110203
110269
110339
110393
110441
110481
110531
110584
110643
110690
110747
110803
110856
110912
110961
111013
111065
111119
111172
111227
111263
111317
111355
111400
111459
111510
111575
111624
111674
111732
111769
111826
111880
111934
111974
112029
112081
112135
112185
112224
112271
112311
112362
112408
112457
112497
112553
112594
112650
112695
112752
112807
112850
112900
112961
113023
113065
113122
113169
113231
113299
113346
113396
113461
113513
113562
113617
113676
113726
113784
113837
113892
113944
113989
114041
114100
114159
114231
114289
114341
114411
114471
114540
114615
114696
114776
114831
114879
114925
114964
115000
115035
115078
115124
115191
115271
115351
115427
115518
115597
115665
115732
115800
115877
115938
115990
116045
116106
116160
116253
116339
116453
116598
116787
116963
117136
117287
117434
117560
117645
117742
117829
117922
118015
118124
118212
118302
118393
118465
118561
118653
118762
118857
118954
119041
119134
119214
119298
119372
119453
119518
119579
119636
119691
119745
119803
119858
119914
119977
120044
120118
120175
120228
120306
120376
120441
120490
120541
120593
120635
120694
120748
120799
120847
120908
120957
121017
121064
121106
121152
121205
121243
121294
121344
121393
121430
121477
121526
121566
121602
121643
121681
121734
121780
121820
121847
121898
121937
121991
122027
122060
122103
122146
122183
122230
122269
122308
122340
122374
122408
122444
122476
122524
122558
122598
122645
122690
122727
122757
122800
122839
122872
122904
122931
122959
122990
123031
123076
123109
123139
123175
123204
123248
123292
123326
123380
123420
123458
123501
123530
123583
123625
123658
123684
123735
123783
123815
123850
123884
123918
123963
124011
124053
124095
124130
124169
124204
124233
124271
124308
124354
124397
124438
124470
124510
124565
124606
124636
124683
124725
124770
124823
124868
124915
124961
125015
125074
125130
125194
125246
125302
125356
125427
125474
125529
125595
125660
125737
125793
125862
125926
126002
126074
126152
126230
126296
126362
126442
126543
126651
126735
126817
126905
126995
127096
127198
127311
127419
127543
127661
127796
127916
128037
128163
128285
128429
128574
128726
128888
129074
129255
129411
129581
129743
129913
130089
130236
130409
130571
130719
130876
131025
131159
131286
131425
131557
131685
131792
131899
132000
132113
132219
132317
132409
132486
132567
132652
132721
132786
132858
132939
133011
133092
133157
133231
133300
133377
133449
133519
133586
133660
133727
133783
133848
133913
133978
134038
134088
134154
134210
134251
134313
134377
134432
134486
134531
134591
134644
134704
134757
134797
134857
134899
134941
134989
135035
135080
135128
135167
135199
135260
135305
135357
135400
135427
135475
135517
135558
135603
135648
135687
135735
135773
135822
135858
135908
135950
135996
136040
136087
136136
136179
136223
136278
136317
136355
136408
136464
136514
136579
136612
136653
136688
136734
136786
136838
136885
136927
136977
137028
137079
137122
137161
137209
137251
137312
137355
137418
137462
137512
137564
137620
137677
137736
137795
137847
137910
137962
138020
138065
138115
138152
138196
138237
138304
138354
138419
138467
138505
138538
138576
138601
138632
138665
138691
138718
138754
138795
138824
138880
138936
139001
139065
139125
139178
139240
139317
139393
139460
139510
139555
139600
139695
139777
139857
139972
140126
140331
140483
140595
140731
140856
140939
141020
141094
141219
141331
141407
141511
141602
141703
141811
141957
142067
142165
142264
142349
142418
142487
142563
142629
142699
142759
142814
142887
142944
143021
143089
143187
143270
143346
143411
143490
143557
143620
143692
143757
143817
143891
143956
144018
144077
144127
144187
144246
144300
144361
144420
144478
144533
144573
144619
144676
144727
144767
144819
144873
144923
144964
145027
145080
145122
145164
145204
145250
145290
145334
145381
145435
145475
145527
145578
145617
145657
145692
145726
145782
145808
145839
145873
145911
145947
145977
146016
146061
146101
146143
146176
146223
146260
146303
146350
146390
146443
146495
146543
146583
146623
146660
146699
146739
146774
146816
146856
146898
146942
146988
147036
147092
147126
147164
147199
147241
147301
147337
147378
147419
147466
147501
147556
147593
147642
147687
147731
147780
147825
147864
147907
147948
147995
148032
148086
148134
148185
148235
148283
148341
148398
148452
148494
148549
148607
148656
148696
148773
148835
148898
148954
149024
149089
149139
149220
149288
149354
149407
149488
149564
149646
149722
149801
149887
149982
150081
150176
150290
150410
150592
150724
150803
150876
150949
151044
151132
151214
151328
151442
151581
151720
151858
151998
152129
152265
152417
152587
152731
152936
153155
153360
153598
153807
154026
154229
154393
154575
154725
154894
155036
155188
155338
155473
155599
155710
155829
155954
156078
156195
156308
156411
156526
156644
156739
156832
156914
157006
157087
157175
157255
157330
157415
157478
157543
157618
157688
157743
157813
157887
157957
158014
158066
158132
158205
158263
158316
158378
158421
158472
158520
158576
158628
158691
158745
158791
158843
158894
158937
159005
159051
159092
159135
159171
159227
159271
159308
159354
159389
159424
159463
159505
159550
159589
159635
159671
159707
159742
159781
159823
159868
159910
159955
159998
160040
160074
160111
160159
160193
160230
160273
160317
160365
160408
160449
160496
160533
160562
160603
160647
160694
160732
160775
160815
160856
160897
160942
160983
161032
161078
161121
161177
161221
161261
161304
161342
161383
161426
161476
161525
161564
161609
161646
161690
161729
161777
161821
161876
161921
161964
162010
162070
162110
162157
162204
162239
162288
162331
162389
162436
162491
162536
162589
162638
162681
162726
162768
162807
162838
162877
162919
162952
162987
163009
163039
163068
163100
163141
163172
163217
163256
163305
163342
163389
163419
163475
163531
163572
163614
163650
163685
163723
163767
163830
163867
163911
163986
164088
164175
164271
164388
164483
164571
164661
164731
164820
164892
164983
165060
165140
165211
165298
165370
165444
165514
165585
165652
165712
165784
165859
165924
166018
166109
166190
166270
166358
166426
166511
166592
166684
166768
166848
166909
166979
167052
167114
167169
167234
167299
167345
167403
167472
167532
167586
167632
167680
167727
167783
167829
167887
167931
167977
168023
168071
168110
168159
168206
168264
168313
168361
168407
168453
168510
168555
168595
168646
168692
168736
168772
168823
168858
168902
168944
168988
169020
169073
169116
169160
169198
169246
169286
169331
169378
169424
169462
169504
169550
169601
169646
169697
169724
169769
169833
169881
169917
169970
170014
170061
170104
170141
170201
170246
170310
170356
170403
170454
170481
170531
170572
170619
170660
170707
170740
170775
170831
170877
170912
170963
171003
171048
171102
171148
171199
171254
171296
171349
171391
171433
171476
171510
171560
171618
171667
171709
171762
171805
171849
171895
171937
171977
172035
172100
172155
172213
172266
172308
172380
172442
172514
172605
172692
172779
172875
172978
173080
173181
173250
173353
173478
173609
173728
173837
173930
174004
174108
174192
174286
174407
174525
174669
174816
174948
175090
175254
175419
175605
175802
175986
176163
176368
176543
176725
176885
177044
177205
177350
177487
177620
177751
177878
178011
178135
178267
178375
178500
178613
178709
178806
178904
179003
179093
179188
179273
179356
179447
179525
179603
179668
179744
179825
179908
179976
180038
180099
180146
180219
180269
180332
180397
180442
180495
180543
180588
180630
180677
180729
180783
180831
180882
180923
180963
181006
181063
181119
181159
181201
181239
181278
181324
181383
181421
181453
181487
181528
181563
181604
181633
181672
181723
181758
181799
181836
181874
181921
181958
181996
182037
182076
182122
182158
182196
182235
182280
182325
182372
182404
182440
182487
182532
182584
182629
182665
182708
182741
182770
182802
182855
182896
182922
182970
183011
183047
183082
183114
183142
183186
183227
183283
183324
183370
183409
183440
183477
183538
183579
183623
183665
183711
183766
183809
183861
183904
183955
184003
184036
184077
184113
184151
184207
184258
184311
184352
184410
184476
184526
184589
184628
184678
184741
184788
184846
184909
184983
185059
185122
185191
185256
185318
185389
185462
185499
185554
185624
185696
185754
185819
185882
185952
186033
186103
186191
186287
186361
186445
186546
186636
186714
186809
186912
187016
187114
187196
187277
187416
187538
187627
187793
187904
188005
188082
188187
188295
188400
188518
188606
188701
188799
188896
188997
189110
189230
189355
189479
189590
189692
189797
189911
190019
190135
190225
190324
190412
190506
190604
190696
190811
190897
191003
191104
191192
191289
191369
191438
191512
191583
191665
191735
191816
191870
191948
192013
192083
192149
192200
192275
192329
192382
192444
192492
192548
192617
192658
192728
192774
192817
192862
192907
192958
193011
193055
193093
193135
193190
193245
193293
193341
193388
193431
193475
193515
193565
193610
193656
193693
193737
193794
193840
193883
193929
193973
194010
194063
194099
194135
194182
194230
194264
194316
194355
194394
194434
194477
194526
194576
194624
194657
194702
194756
194803
194855
194906
194947
195009
195054
195091
195129
195175
195218
195264
195303
195346
195377
195417
195466
195504
195546
195582
195632
195683
195737
195786
195833
195872
195915
195976
196020
196056
196092
196138
196173
196214
196267
196308
196351
196396
196441
196493
196535
196578
196627
196664
196713
196759
196822
196893
196942
196991
197034
197094
197157
197213
197278
197346
197421
197486
197552
197625
197697
197771
197859
197949
198051
198170
198272
198393
198521
198696
198843
199004
199165
199346
199499
199652
199810
199940
200108
200243
200381
200505
200664
200786
200923
201075
201200
201337
201450
201559
201684
201787
201899
202013
202105
202191
202287
202377
202456
202551
202639
202719
202812
202887
202953
203035
203109
203173
203247
203350
203436
203518
203584
203666
203729
203780
203836
203889
203932
203982
204030
204092
204144
204183
204243
204286
204336
204387
204423
204471
204520
204558
204600
204641
204690
204722
204771
204801
204834
204885
204916
204952
204984
205023
205064
205099
205140
205179
205216
205253
205289
205325
205359
205399
205443
205482
205526
205560
205598
205622
205651
205682
205712
205739
205773
205810
205842
205875
205902
205939
205971
206014
206053
206094
206123
206158
206190
206224
206257
206293
206335
206366
206406
206432
206460
206494
206534
206578
206616
206654
206689
206721
206768
206822
206862
206898
206934
206963
206999
207035
207080
207135
207172
207208
207246
207290
207326
207366
207409
207440
207481
207532
207566
207611
207654
207698
207755
207799
207845
207888
207942
207998
208060
208115
208170
208211
208281
208334
208378
208425
208490
208541
208607
208665
208729
208790
208845
208893
208957
209027
209094
209155
209235
209312
209399
209485
209569
209642
209726
209811
209902
210000
210083
210187
210290
210383
210487
210572
210669
210774
210853
210949
211080
211194
211291
211410
211518
211614
211718
211811
211904
212009
212121
212253
212408
212547
212674
212815
212948
213096
213258
213418
213562
213695
213800
213939
214061
214186
214308
214432
214538
214645
214758
214858
214958
215047
215118
215187
215280
215355
215446
215526
215602
215674
215748
215820
215883
215951
216023
216094
216176
216242
216314
216376
216449
216504
216560
216610
216670
216739
216807
216867
216913
216969
217031
217087
217135
217180
217236
217294
217341
217373
217421
217470
217524
217574
217627
217665
217708
217750
217807
217848
217894
217959
218001
218063
218123
218170
218234
218293
218344
218402
218454
218514
218573
218619
218668
218713
218766
218817
218872
218930
218972
219020
219071
219112
219166
219213
219262
219320
219373
219423
219468
219522
219582
219643
219694
219758
219805
219861
219917
219962
219999
220040
220079
220125
220168
220229
220267
220319
220375
220416
220470
220524
220589
220655
220764
220861
220931
220993
221043
221100
221145
221188
221232
221281
221318
221350
221381
221421
221468
221509
221546
221604
221656
221716
221776
221847
221890
221939
221983
222043
222108
222187
222286
222425
222573
222709
222832
222956
223068
223202
223376
223481
223606
223748
223859
223979
224114
224222
224362
224469
224564
224689
224810
224932
225040
225133
225229
225312
225393
225469
225566
225642
225714
225778
225844
225911
225968
226030
226104
226170
226225
226285
226349
226416
226475
226520
226578
226645
226702
226755
226796
226849
226901
226954
227006
227048
227097
227141
227181
227225
227274
227315
227363
227406
227444
227480
227518
227578
227611
227652
227682
227718
227767
227805
227844
227882
227914
227943
227984
228021
228056
228086
228119
228164
228204
228239
228273
228302
228330
228375
228405
228429
228462
228498
228543
228561
228589
228627
228654
228680
228718
228743
228783
228822
228864
228907
228945
228970
228997
229033
229070
229102
229127
229153
229189
229220
229250
229285
229318
229348
229368
229403
229433
229470
229494
229536
229571
229611
229631
229664
229695
229738
229770
229802
229845
229866
229900
229922
229960
230000
230035
230057
230086
230115
230151
230192
230220
230259
230296
230328
230369
230405
230442
230479
230515
230560
230603
230652
230698
230736
230777
230805
230844
230891
230944
230986
231035
231097
231147
231207
231255
231305
231361
231429
231511
231565
231638
231713
231787
231862
231937
232003
232082
232172
232249
232327
232416
232501
232604
232691
232777
232858
232929
233033
233137
233249
233331
233434
233531
233637
233737
233841
233969
234088
234221
234323
234449
234551
234666
234793
234900
235044
235197
235354
235493
235652
235829
235984
236140
236268
236432
236579
236729
236870
237001
237133
237265
237399
237518
237636
237750
237858
237941
238039
238130
238202
238274
238357
238433
238501
238600
238691
238775
238849
238952
239019
239099
239181
239252
239328
239404
239470
239535
239597
239664
239723
239791
239860
239923
239977
240034
240085
240139
240196
240245
240304
240357
240410
240480
240542
240599
240648
240696
240746
240799
240859
240915
240978
241051
241118
241170
241232
241286
241343
241410
241470
241526
241583
241634
241678
241746
241817
241877
241950
242010
242078
242152
242201
242265
242333
242387
242456
242532
242599
242654
242723
242793
242879
242948
242994
243056
243113
243181
243249
243312
243381
243456
243524
243581
243656
243726
243806
243866
243924
243993
244053
244111
244177
244232
244290
244340
244396
244440
244500
244545
244600
244656
244712
244775
244839
244899
244958
245018
245065
245103
245140
245187
245222
245250
245288
245323
245380
245436
245496
245571
245660
245755
245887
246002
246122
246248
246342
246468
246572
246679
246790
246867
246952
247052
247153
247258
247339
247440
247506
247584
247678
247771
247860
247960
248044
248129
248213
248299
248370
248441
248528
248581
248649
248723
248791
248861
248930
248992
249043
249097
249151
249228
249286
249325
249386
249447
249499
249545
249595
249651
249705
249755
249811
249866
249909
249954
250005
250051
250093
250144
250194
250234
250266
250316
250368
250404
250444
250472
250505
250533
250563
250599
250637
250671
250707
250756
250786
250810
250831
250873
250921
250961
251001
251024
251057
251079
251108
251143
251169
251203
251225
251253
251285
251321
251346
251365
251398
251423
251450
251477
251500
251520
251547
251574
251604
251638
251671
251695
251720
251747
251785
251829
251862
251890
251917
251942
251963
251987
252017
252045
252071
252107
252140
252173
252203
252230
252268
252302
252340
252373
252410
252443
252476
252514
252533
252569
252604
252633
252674
252699
252739
252769
252792
252828
252859
252892
252931
252961
252991
253021
253059
253095
253134
253163
253191
253238
253272
253306
253341
253385
253427
253448
253480
253516
253552
253592
253644
253694
253740
253787
253825
253882
253932
253977
254036
254100
254139
254189
254251
254300
254350
254399
254459
254518
254594
254645
254711
254777
254840
254901
254963
255053
255130
255191
255262
255347
255423
255497
255570
255644
255726
255810
255904
256001
256111
256215
256339
256450
256555
256669
256810
256942
257061
257185
257317
257456
257620
257806
257951
258123
258309
258474
258666
258856
259054
259264
259485
259689
259876
260039
260201
260343
260480
260635
260774
260912
261057
261177
261311
261459
261596
261737
261862
261979
262099
262193
262294
262393
262482
262560
262640
262721
262794
262869
262939
263006
263096
263167
263236
263315
263391
263463
263560
263655
263714
263795
263869
263939
264012
264084
264140
264191
264259
264319
264372
264433
264484
264546
264603
264659
264722
264780
264831
264901
264987
265064
265148
265222
265286
265356
265417
265488
265562
265622
265701
265776
265848
265922
266004
266082
266164
266231
266311
266374
266447
266523
266596
266692
266767
266840
266920
266988
267086
267159
267233
267313
267385
267464
267536
267620
267693
267770
267847
267955
268034
268121
268198
268288
268369
268438
268504
268580
268663
268754
268860
268960
269046
269129
269191
269256
269329
269383
269449
269520
269575
269648
269708
269772
269828
269893
269949
270016
270072
270110
270174
270254
270339
270414
270508
270590
270673
270782
270873
270965
271040
271108
271200
271276
271350
271409
271484
271546
271636
271731
271810
271894
271974
272046
272100
272163
272218
272276
272335
272400
272480
272548
272611
272662
272736
272796
272844
272904
272965
273011
273062
273129
273185
273239
273291
273345
273383
273429
273472
273510
273548
273590
273634
273676
273715
273751
273793
273825
273864
273904
273944
273976
274012
274051
274088
274126
274156
274201
274237
274271
274308
274339
274373
274408
274442
274476
274518
274552
274583
274620
274655
274674
274699
274732
274766
274804
274828
274861
274884
274908
274936
274960
274992
275024
275065
275088
275119
275151
275187
275214
275240
275292
275316
275360
275385
275409
275439
275470
275508
275535
275560
275587
275604
275629
275654
275678
275700
275722
275747
275774
275788
275815
275840
275868
275891
275916
275933
275958
275986
276011
276033
276056
276094
276114
276137
276158
276181
276204
276231
276261
276292
276316
276342
276377
276412
276445
276471
276502
276532
276565
276586
276613
276644
276683
276716
276747
276776
276805
276838
276868
276900
276935
276966
277002
277029
277063
277093
277121
277154
277203
277233
277289
277327
277354
277398
277435
277475
277507
277552
277594
277644
277682
277723
277776
277816
277856
277910
277949
278001
278056
278105
278147
278202
278260
278299
278350
278418
278479
278531
278601
278660
278725
278776
278840
278914
278979
279043
279124
279184
279260
279346
279428
279497
279581
279662
279756
279847
279936
280037
280113
280209
280307
280420
280515
280633
280730
280841
280949
281046
281176
281289
281413
281549
281690
281826
281958
282101
282241
282340
282471
282574
282696
282834
282962
283076
283189
283309
283444
283577
283683
283808
283945
284076
284195
284297
284399
284496
284602
284702
284807
284897
285002
285097
285184
285291
285387
285486
285576
285670
285766
285845
285924
286007
286098
286184
286259
286340
286422
286507
286580
286673
286762
286836
286941
287021
287090
287164
287234
287317
287405
287500
287611
287694
287769
287853
287944
288039
288127
288205
288286
288351
288449
288533
288607
288692
288779
288862
288940
289013
289069
289141
289215
289288
289371
289464
289551
289630
289730
289824
289923
290016
290116
290235
290376
290506
290610
290688
290765
290837
290906
290970
291022
291072
291124
291176
291223
291284
291329
291379
291438
291487
291531
291573
291616
291659
291705
291751
291795
291835
291889
291939
291982
292041
292086
292138
292185
292232
292277
292331
292384
292436
292490
292535
292571
292614
292676
292717
292764
292810
292860
292903
292939
292987
293042
293092
293139
293194
293245
293312
293358
293401
293447
293491
293536
293582
293626
293688
293743
293802
293869
293937
293989
294046
294099
294149
294191
294238
294299
294336
294386
294425
294462
294494
294529
294565
294595
294635
294670
294705
294738
294778
294824
294852
294890
294933
294962
295014
295044
295077
295104
295130
295155
295186
295218
295247
295278
295317
295339
295364
295392
295418
295446
295470
295488
295526
295549
295581
295609
295646
295684
295720
295742
295777
295802
295833
295857
295883
295904
295929
295954
295972
296001
296030
296062
296087
296119
296147
296171
296191
296209
296227
296247
296270
296293
296316
296350
296370
296392
296421
296436
296458
296499
296528
296545
296570
296591
296611
296630
296653
296678
296696
296719
296749
296771
296792
296815
296837
296862
296885
296908
296928
296958
296979
297002
297039
297064
297087
297108
297137
297159
297187
297206
297236
297271
297293
297322
297353
297384
297409
297436
297462
297498
297525
297555
297574
297602
297625
297649
297675
297708
297737
297769
297794
297819
297845
297880
297905
297928
297957
297993
298033
298070
298095
298126
298165
298193
298214
298251
298286
298315
298351
298386
298413
298451
298485
298518
298547
298582
298607
298637
298670
298706
298731
298768
298801
298846
298876
298910
298940
298994
299045
299082
299133
299185
299232
299278
299327
299372
299417
299468
299520
299574
299634
299683
299749
299799
299872
299930
300001
300057
300121
300197
300270
300348
300423
300511
300587
300648
300731
300818
300905
300971
301064
301148
301212
301302
301370
301441
301520
301593
301667
301733
301793
301846
301901
301953
302014
302078
302162
302230
302300
302374
302466
302576
302651
302739
302798
302885
302988
303072
303174
303276
303408
303509
303629
303729
303841
303924
304003
304092
304227
304335
304431
304535
304640
304722
304802
304884
304955
305036
305105
305201
305301
305380
305465
305564
305661
305736
305834
305905
305954
306002
306058
306108
306170
306235
306291
306333
306377
306418
306473
306527
306573
306637
306702
306751
306806
306866
306917
306978
307027
307073
307131
307197
307254
307305
307346
307387
307450
307495
307546
307587
307635
307671
307716
307753
307791
307841
307885
307932
307972
308021
308068
308115
308154
308199
308241
308287
308336
308386
308431
308467
308510
308545
308594
308621
308665
308693
308728
308763
308800
308834
308864
308898
308939
308973
309009
309038
309073
309101
309132
309170
309210
309239
309271
309300
309338
309384
309420
309451
309484
309525
309548
309584
309625
309663
309691
309725
309759
309784
309817
309849
309880
309913
309944
309972
310010
310037
310069
310099
310112
310150
310183
310221
310254
310281
310317
310343
310367
310395
310421
310447
310482
310517
310550
310579
310599
310622
310645
310672
310693
310715
310740
310766
310796
310826
310851
310874
310892
310917
310944
310966
310982
311011
311029
311049
311083
311115
311135
311158
311173
311197
311223
311241
311259
311276
311298
311320
311340
311363
311387
311411
311428
311446
311462
311484
311507
311530
311545
311562
311580
311597
311622
311643
311675
311694
311717
311738
311763
311781
311802
311824
311856
311881
311908
311926
311938
311953
311982
311998
312021
312036
312052
312068
312084
312101
312118
312130
312154
312178
312189
312207
312228
312244
312252
312273
312291
312308
312329
312346
312360
312377
312395
312414
312430
312459
312482
312501
312525
312546
312559
312577
312598
312616
312640
312659
312687
312707
312730
312749
312779
312805
312824
312842
312863
312877
312901
312923
312954
312976
312994
313017
313037
313063
313090
313113
313135
313150
313167
313189
313217
313233
313253
313279
313311
313329
313355
313393
313421
313439
313470
313489
313523
313554
313587
313608
313634
313656
313687
313712
313743
313773
313814
313848
313883
313903
313930
313964
314002
314025
314063
314104
314139
314172
314202
314239
314268
314300
314337
314371
314413
314444
314474
314506
314546
314577
314620
314658
314703
314739
314771
314809
314854
314888
314928
314976
315014
315057
315097
315138
315188
315221
315257
315284
315325
315367
315405
315441
315488
315524
315558
315594
315636
315676
315709
315761
315801
315841
315888
315957
316014
316066
316118
316164
316223
316266
316315
316383
316443
316506
316570
316645
316691
316735
316777
316824
316874
316922
316957
316988
317022
317065
317120
317169
317216
317268
317324
317374
317422
317482
317538
317591
317638
317686
317744
317796
317861
317915
317979
318005
318024
318044
318067
318088
318105
318131
318150
318171
318190
318212
318244
318275
318295
318317
318341
318361
318383
318403
318433
318451
318470
318492
318513
318543
318566
318594
318616
318640
318670
318703
318728
318745
318761
318775
318801
318817
318841
318864
318888
318907
318921
318934
318957
318973
318988
319018
319041
319059
319078
319097
319114
319139
319155
319176
319187
319210
319236
319256
319278
319293
319321
319349
319372
319398
319425
319443
319473
319499
319518
319537
319555
319584
319608
319639
319660
319681
319705
319725
319746
319770
319791
319806
319820
319845
319876
319900
319912
319931
319941
319951
319971
319993
320011
320034
320046
320066
320088
320105
320128
320152
320169
320188
320202
320223
320248
320269
320284
320301
320319
320340
320359
320373
320398
320404
320426
320445
320456
320471
320489
320510
320533
320550
320567
320590
320606
320620
320636
320652
320666
320678
320695
320711
320723
320739
320753
320769
320787
320800
320821
320837
320862
320876
320888
320915
320936
320950
320968
320977
320993
321007
321020
321042
321053
321070
321083
321097
321108
321116
321128
321143
321154
321166
321178
321197
321211
321218
321235
321249
321266
321276
321284
321293
321304
321324
321328
321337
321347
321366
321377
321390
321405
321419
321435
321444
321461
321477
321489
321505
321523
321543
321560
321578
321598
321614
321624
321640
321659
321675
321683
321696
321713
321728
321741
321753
321769
321780
321792
321803
321813
321828
321845
321856
321864
321882
321893
321902
321919
321933
321938
321949
321963
321973
321985
321996
322011
322031
322044
322058
322072
322091
322105
322120
322139
322156
322166
322185
322197
322218
322231
322247
322267
322281
322296
322313
322334
322353
322370
322391
322416
322433
322447
322462
322483
322496
322512
322530
322549
322561
322580
322602
322620
322645
322661
322683
322702
322723
322742
322760
322775
322788
322811
322825
322840
322859
322882
322904
322923
322949
322967
322986
323002
323021
323036
323053
323063
323079
323095
323115
323139
323160
323176
323201
323226
323248
323272
323287
323308
323315
323342
323362
323381
323404
323428
323443
323460
323480
323499
323510
323528
323537
323551
323566
323583
323598
323614
323632
323651
323678
323691
323706
323722
323740
323751
323761
323773
323798
323816
323831
323843
323866
323886
323913
323932
323954
323979
324014
324035
324061
324092
324123
324145
324163
324200
324228
324252
324277
324293
324321
324345
324370
324389
324419
324443
324473
324500
324524
324541
324570
324602
324612
324619
324625
324631
324645
324650
324659
324665
324671
324682
324691
324697
324704
324714
324723
324729
324736
324746
324750
324758
324768
324777
324781
324791
324794
324800
324805
324819
324829
324837
324845
324852
324859
324862
324866
324873
324876
324885
324892
324899
324905
324916
324921
324927
324937
324943
324951
324959
324963
324976
324982
324988
324996
325003
325010
325016
325019
325025
325031
325042
325051
325059
325069
325076
325081
325089
325092
325101
325110
325120
325123
325129
325139
325144
325153
325161
325168
325174
325181
325189
325192
325194
325204
325212
325220
325228
325230
325232
325239
325242
325250
325255
325259
325266
325277
325287
325292
325296
325302
325309
325312
325319
325324
325326
325333
325338
325348
325357
325367
325369
325372
325378
325383
325387
325390
325395
325402
325407
325413
325416
325421
325426
325433
325438
325443
325446
325454
325459
325463
325467
325471
325479
325489
325493
325500
325506
325516
325523
325533
325540
325547
325555
325560
325568
325574
325581
325583
325592
325599
325604
325608
325610
325615
325620
325624
325628
325641
325652
325661
325667
325673
325678
325681
325685
325687
325692
325695
325702
325706
325710
325712
325715
325720
325730
325734
325740
325747
325753
325758
325766
325771
325773
325781
325784
325790
325798
325802
325805
325812
325819
325820
325825
325833
325841
325847
325852
325855
325864
325872
325882
325889
325895
325902
325906
325913
325921
325926
325929
325933
325936
325937
325942
325942
325949
325952
325956
325962
325972
325980
325988
325994
325996
326003
326008
326015
326019
326022
326026
326032
326039
326046
326050
326057
326061
326069
326076
326083
326088
326093
326098
326102
326103
326112
326119
326124
326130
326135
326141
326146
326146
326152
326160
326164
326171
326178
326182
326183
326186
326191
326205
326209
326217
326221
326227
326233
326238
326246
326253
326259
326262
326268
326275
326283
326296
326304
326310
326316
326320
326326
326331
326341
326348
326354
326358
326360
326363
326371
326381
326389
326397
326399
326406
326411
326417
326423
326428
326432
326437
326443
326449
326455
326465
326471
326480
326485
326491
326498
326506
326515
326522
326529
326536
326543
326548
326556
326559
326567
326573
326579
326592
326600
326609
326618
326623
326632
326634
326642
326647
326653
326661
326665
326672
326675
326682
326687
326694
326697
326705
326711
326717
326725
326731
326739
326749
326756
326763
326769
326780
326791
326801
326803
326814
326824
326833
326838
326849
326859
326868
326874
326882